0.0029814871519775665
0.004047455145310086
0.003982990558240301
0.003916223664489452
0.003840247544014348
0.0040428505319479585
0.003801108330436264
0.003877084450911368
0.0036836906897020124
0.0037573645034960526
0.0036652722362535022
0.00408659435888817
0.004254662746605824
0.007118732257849139
0.003715922983236905
0.003916223664489452
0.0038172244772037103
0.003934642117937962
0.003773480650263499
0.004496404948117519
0.004040548225266895
0.0040773851321639154
0.0039875951716024285
0.0039392467313000895
0.003508715381941167
0.003925432891213707
0.003566273048967761
0.0037136206765558412
0.00431912733367561
0.0038333406239711566
0.003996804398326684
0.003895502904359878
0.0036629699295724384
0.003909316744446261
0.003766573730220308
0.0039875951716024285
0.003904712131084133
0.0040704782121207235
0.00397608363819711
0.0037849921836688176
0.004072780518801788
0.003821829090565838
0.003996804398326684
0.004250058133243697
0.0039001075177220058
0.003566273048967761
0.0036353422493996734
0.003982990558240301
0.004045152838629023
0.0036790860763398847
0.0038862936776356233
0.0039461536513432805
0.0036054122625458446
0.0039461536513432805
0.0040497574519911496
0.0037136206765558412
0.0038540613841007306
0.004045152838629023
0.003690597609745204
0.004114222039060935
0.004107315119017744
0.00441121960091816
0.004003711318369875
0.004227035066433059
0.003642249169442865
0.004250058133243697
0.0038609683041439216
0.0037021091431505226
0.0038862936776356233
0.004038245918585831
0.0041878958528549755
0.003870177530868177
0.0040981058922934886
0.0036998068364694587
0.003950758264705408
0.004033641305223703
0.0038586659974628582
0.004038245918585831
0.0035685753556488247
0.0037297368233232876
0.0036721791562966937
0.00370671375651265
0.004079687438844979
0.00397608363819711
0.00417868662613072
0.0041188266524230625
0.004183291239492848
0.003909316744446261
0.004137245105871573
0.0036008076491837173
0.004121128959104127
0.0038356429306522204
0.003964572104791791
0.0039668744114728545
0.004065873598758596
0.003842549850695412
0.0037389460500475424
0.003909316744446261
0.0037688760369013713
0.0040152228517751935
0.003794201410393073
0.003842549850695412
0.0036721791562966937
0.0039461536513432805
0.003842549850695412
0.0037803875703066904
0.0039392467313000895
0.0040981058922934886
0.0038287360106090294
0.0039875951716024285
0.004162570479363274
0.0038034106371173278
0.003904712131084133
0.0039323398112568984
0.003964572104791791
0.003989897478283492
0.0038540613841007306
0.0037320391300043514
0.003897805211040942
0.003819526783884774
0.0036445514761239287
0.0038609683041439216
0.003771178343582435
0.003642249169442865
0.0042362442931573145
0.004095803585612425
0.0036146214892701
0.004047455145310086
0.004107315119017744
0.003964572104791791
0.0039323398112568984
0.003536343062113932
0.004174082012768593
0.004006013625050938
0.0037965037170741367
0.003962269798110727
0.003842549850695412
0.004185593546173911
0.0038241313972469018
0.003936944424619026
0.0039806882515592374
0.004100408198974553
0.003849456770738603
0.003801108330436264
0.004245453519881569
0.003538645368794996
0.003969176718153919
0.0037228299032800965
0.003649156089486056
0.0039461536513432805
0.004088896665569234
0.004065873598758596
0.003934642117937962
0.0036721791562966937
0.0041395474125526365
0.0037136206765558412
0.0036445514761239287
0.00403133899854264
0.004125733572466254
0.0038333406239711566
0.0037504575834528616
0.004247755826562633
0.003909316744446261
0.004019827465137321
0.003511017688622231
0.004289197346821781
0.0037965037170741367
0.0040221297718183845
0.003840247544014348
0.003955362878067536
0.003982990558240301
0.0038379452373332843
0.0039185259711705155
0.003582389195735207
0.0041878958528549755
0.003621528409313291
0.0036767837696588214
0.0042086166129845495
0.003812619863841583
0.003948455958024345
0.0037780852636256266
0.004296104266864972
0.0039599674914296635
0.0038264337039279656
0.0040152228517751935
0.0037527598901339254
0.003936944424619026
0.0038172244772037103
0.003812619863841583
0.0037849921836688176
0.003764271423539244
0.0039116190511273245
0.004176384319449657
0.0038862936776356233
0.004349057320529439
0.0041395474125526365
0.003955362878067536
0.0038586659974628582
0.004286895040140717
0.0038057129437983916
0.003718225289917969
0.0037320391300043514
0.0038609683041439216
0.003999106705007747
0.003955362878067536
0.0038932005976788143
0.0038908982909977505
0.0039737813315160455
0.003812619863841583
0.0037550621968149888
0.0038149221705226465
0.004293801960183908
0.0037780852636256266
0.00408659435888817
0.0038356429306522204
0.0038724798375492408
0.0041050128123366805
0.0038540613841007306
0.0038333406239711566
0.0038287360106090294
0.0040842920522071065
0.003831038317290093
0.0040704782121207235
0.003791899103712009
0.003612319182589036
0.0036330399427186096
0.0036054122625458446
0.004240848906519442
0.0040773851321639154
0.0035754822756920157
0.003971479024834982
0.0037826898769877542
0.0037757829569445628
0.003771178343582435
0.003950758264705408
0.0036629699295724384
0.0039116190511273245
0.004507916481522838
0.003879386757592432
0.004081989745526042
0.0038655729175060493
0.003630737636037546
0.00372513220996116
0.0039185259711705155
0.0040428505319479585
0.004017525158456258
0.0040428505319479585
0.004047455145310086
0.0037320391300043514
0.0037205275965990327
0.0042362442931573145
0.003660667622891375
0.003996804398326684
0.004024432078499449
0.0037136206765558412
0.0003177183219867986
0.0
0.0
0.0
0.0
0.0
0.0
0.0
0.0
0.0
0.0
0.0
0.0
0.0
0.0
0.0
0.0
0.0
0.0
0.0
0.0
0.0
0.0
0.0
0.0
0.0
0.0
0.0
0.0
0.0
0.0
0.0
0.0
0.0
0.0
0.0
0.0
0.0
0.0
0.0
0.0
0.0
0.0
0.0
0.0
0.0
0.0
0.0
0.0
0.0
0.0
0.0
0.0
0.0
0.0
0.0
0.0
0.0
0.0
0.0
0.0
0.0
0.0
0.0
0.0
0.0
0.0
0.0
0.0
0.0
0.0
0.0
0.0
0.0
0.0
0.0
0.0
0.0
0.0
0.0
0.0
0.0
0.0
0.0
0.0
0.0
0.0
0.0
0.0
0.0
0.0
0.0
0.0
0.0
0.0
0.0
0.0
0.0
0.0
0.0
0.0
0.0
0.0
0.0
0.0
0.0
0.0
0.0
0.0
0.0
0.0
0.0
0.0
0.0
0.0
0.0
0.0
0.0
0.0
0.0
0.0
0.0
0.0
0.0
0.0
0.0
0.0
0.0
0.0
0.0
0.0
0.0
0.0
0.0
0.0
0.0
0.0
0.0
0.0
0.0
0.0
0.0
0.0
0.0
0.0
0.0
0.0
0.0
0.0
0.0
0.0
0.0
0.0
0.0
0.0
0.0
0.0
0.0
0.0
0.0
0.0
0.0
0.0
0.0
0.0
0.0
0.0
0.0
0.0
0.0
0.0
0.0
0.0
0.0
0.0
0.0
0.0
0.0
0.0
0.0
0.0
0.0
0.0
0.0
0.0
0.0
0.0
0.0
0.0
0.0
0.0
0.0
0.0
0.0010400506057919622
8.888334810874705e-05
9.234633569739952e-05
7.041408096926715e-05
8.542036052009456e-05
9.465499408983452e-05
0.00011889590721040189
8.772901891252956e-05
7.387706855791962e-05
0.00011774157801418439
8.657468971631206e-05
8.542036052009456e-05
7.387706855791962e-05
7.96487145390071e-05
8.080304373522458e-05
8.772901891252956e-05
0.0
0.0
0.0
0.0
0.0
0.0
0.0
0.0
0.0
0.0
0.0
0.0
0.0
0.0
0.0
0.0
0.0012085826684397163
0.00018122968380614656
0.00017084072104018913
0.00022855718085106383
0.0003185948581560284
0.00023317449763593382
0.00023202016843971632
0.0003174405289598109
0.00043287344858156026
0.00016160608747044916
0.00016968639184397163
0.0001569887706855792
0.00020431626773049645
0.00021124224290780143
0.00021932254728132387
0.0002816563238770686
0.06152805481678487
0.06261543291962175
0.062091367464539006
0.06311525746158392
0.062085595818557916
0.06308293624408984
0.061798167848699764
0.06166311133274232
0.06255540780141844
0.062046348625886524
0.06227606013593381
0.06212946032801418
0.0632653202570922
0.06244459219858156
0.06181432845744681
0.05839635970744681
