0.3092975360412893
0.007592863700652589
0.00655070593781792
0.0044663904121485815
0.006401826257412967
0.0033497928091114366
0.00163767648445448
0.0023076350462767673
0.004193444331406168
0.0011414108831046376
0.0009677179226321928
0.0008932780824297164
0.0028039006476266097
0.0014639835239820351
0.0012654772834420982
0.0037468052901913104
0.0025061412868167044
0.0015136100841170194
0.0005458921614848267
0.00019850624053993697
0.0022828217662092753
0.006600332497952904
0.0006699585618222873
0.00032257264087739757
0.0008684648023622243
0.0004466390412148582
0.0004962656013498424
0.0004962656013498424
0.0010669710429021613
0.0013647304037120668
0.00039701248107987394
0.0004714523212823503
0.0010669710429021613
0.0004714523212823503
0.0004466390412148582
0.0006203320016873031
0.0022580084861417832
0.0005458921614848267
0.0005458921614848267
0.0018609960050619092
0.0004962656013498424
0.0013647304037120668
0.00027294608074241334
0.0002977593608099055
0.0009429046425647006
0.0010917843229696533
0.001215850723307114
0.0004714523212823503
0.001836182724994417
0.003300166248976452
0.001042157762834669
0.0008436515222947322
0.0022828217662092753
0.0021339420858043226
0.0017121163246569563
0.001612863204386988
0.0015880499243194957
0.004615270092553535
0.0015880499243194957
0.0017617428847919406
0.002679834247289149
0.0024813280067492124
0.0019850624053993696
0.00210912880573683
0.01999950373439865
0.0057814942557256645
0.0031264732885040074
0.0023572616064117514
0.002704647527356641
0.008287635542542368
0.002704647527356641
0.0023324483263442593
0.0011662241631721297
0.0015632366442520037
0.0025061412868167044
0.0015880499243194957
0.0015384233641845115
0.0023076350462767673
0.003821245130393787
0.0023572616064117514
0.013498424356715714
0.002605394407086673
0.002034688965534354
0.004937842733430932
0.0015136100841170194
0.003449045929381405
0.003895684970596263
0.002977593608099055
0.0022828217662092753
0.0022331952060742908
0.0014887968040495274
0.0024813280067492124
0.0029279670479640703
0.0031016600084365154
0.0027294608074241336
0.0022083819260067987
0.0017617428847919406
0.0057566809756581724
0.002009875685466862
0.002853527207761594
0.004987469293565917
0.007295104339842684
0.0033994193692464206
0.0023076350462767673
0.007443984020247637
0.003473859209448897
0.007468797300315129
0.0012902905635095903
0.003672365449988834
0.0018609960050619092
0.002853527207761594
0.0023076350462767673
0.008461328503014813
0.002084315525669338
0.003870871690528771
0.00491302945336344
0.0071710379395052235
0.007468797300315129
0.0023324483263442593
0.004019751370933724
0.0027542740874916256
0.0022331952060742908
0.0019850624053993696
0.00081883824222724
0.003300166248976452
0.0025061412868167044
0.001191037443239622
0.0014639835239820351
0.004838589613160964
0.0022083819260067987
0.0007443984020247637
0.007617676980720081
0.0035234857695838812
0.012952532195230888
0.0015632366442520037
0.001042157762834669
0.0037964318503262945
0.01203444083273368
0.003002406888166547
0.01004937842733431
0.0029279670479640703
0.016451204684747277
0.001017344482767177
0.002084315525669338
0.0022828217662092753
0.0013647304037120668
0.00163767648445448
0.00081883824222724
0.002009875685466862
0.002704647527356641
0.0008684648023622243
0.0008684648023622243
0.0019850624053993696
0.00327535296890896
0.00037219920101238185
0.00037219920101238185
0.001017344482767177
0.0004714523212823503
0.00039701248107987394
0.0006203320016873031
0.0015632366442520037
0.0022580084861417832
0.001017344482767177
0.001836182724994417
0.00081883824222724
0.0004962656013498424
0.0002481328006749212
0.0002977593608099055
0.0007940249621597479
0.0003473859209448897
0.0004218257611473661
0.0003473859209448897
0.0014639835239820351
0.0003473859209448897
0.0003473859209448897
0.00037219920101238185
0.0006947718418897794
0.0004218257611473661
0.00027294608074241334
0.0005707054415523188
0.001215850723307114
0.0011662241631721297
0.001215850723307114
0.00037219920101238185
0.0021835686459393067
0.0008932780824297164
0.0010917843229696533
0.0006203320016873031
0.0019106225651968935
0.0009429046425647006
0.0015880499243194957
0.0013151038435770825
0.005185975534105853
0.001215850723307114
0.00163767648445448
0.002704647527356641
0.0022083819260067987
0.0008684648023622243
0.002977593608099055
0.0028039006476266097
0.0015632366442520037
0.0005707054415523188
0.0014391702439145431
0.0003473859209448897
0.0015880499243194957
0.0002233195206074291
0.002431701446614228
0.001017344482767177
0.0013399171236445745
0.002009875685466862
0.0007443984020247637
0.0005458921614848267
0.0005210788814173345
0.00027294608074241334
0.0004466390412148582
0.0006203320016873031
0.0014887968040495274
0.0011662241631721297
0.0008684648023622243
0.0011165976030371454
0.0011662241631721297
0.0007692116820922557
0.00037219920101238185
0.00037219920101238185
0.0015136100841170194
0.0008932780824297164
0.00081883824222724
0.0009180913624972085
0.000595518721619811
0.0011662241631721297
0.001662489764521972
0.00032257264087739757
0.0071710379395052235
0.0019850624053993696
0.0005458921614848267
0.0037716185702588024
0.005558174735118235
0.0004466390412148582
0.00037219920101238185
0.0028783404878290862
0.00163767648445448
0.0005707054415523188
0.003225726408773976
0.0012902905635095903
0.0014391702439145431
0.0021835686459393067
0.0022828217662092753
0.0015136100841170194
0.004342324011811121
0.0013151038435770825
0.0022083819260067987
0.00163767648445448
0.005061909133768393
0.0031016600084365154
0.0037468052901913104
0.09314905337336543
0.0
0.0
0.0
0.0
0.0
0.0
0.0
0.0
0.0
0.0
0.0
0.0
0.0
0.0
0.0
0.0
0.04967619243421053
0.00010279605263157894
0.00012849506578947368
0.00010279605263157894
8.994654605263157e-05
0.00011564555921052631
0.00012849506578947368
0.0015419407894736842
6.424753289473684e-05
0.00011564555921052631
0.0001541940789473684
5.139802631578947e-05
0.00010279605263157894
5.139802631578947e-05
0.00010279605263157894
0.00010279605263157894
0.04774876644736842
0.000244140625
0.00023129111842105262
0.00011564555921052631
0.0001541940789473684
0.00011564555921052631
0.00038548519736842106
0.000244140625
0.00014134457236842106
0.00011564555921052631
0.0001670435855263158
7.70970394736842e-05
0.00017989309210526315
0.0001670435855263158
0.00010279605263157894
0.00244140625
0.0
0.0
0.0
0.0
0.0
0.0
0.0
0.0
0.0
0.0
0.0
0.0
0.0
0.0
0.0
0.0
0.02235814144736842
6.424753289473684e-05
0.000244140625
0.0002826891447368421
0.00029553865131578947
0.00026983963815789476
0.0004497327302631579
0.0004497327302631579
0.00025699013157894735
0.0002826891447368421
0.00020559210526315788
0.00020559210526315788
0.0003340871710526316
0.00020559210526315788
0.00020559210526315788
0.00020559210526315788
0.020983244243421052
6.424753289473684e-05
8.994654605263157e-05
6.424753289473684e-05
0.00014134457236842106
3.85485197368421e-05
0.00010279605263157894
7.70970394736842e-05
0.00023129111842105262
0.0005525287828947368
0.00014134457236842106
0.00026983963815789476
0.0005396792763157895
0.00025699013157894735
0.0003597861842105263
0.002402857730263158
0.0
0.0
0.0
0.0
0.0
0.0
0.0
0.0
0.0
0.0
0.0
0.0
0.0
0.0
0.0
0.0
0.0
0.0
0.0
0.0
0.0
0.0
0.0
0.0
0.0
0.0
0.0
0.0
0.0
0.0
0.0
0.0
0.016730057565789474
0.0003340871710526316
0.00026983963815789476
0.00025699013157894735
0.00023129111842105262
0.00017989309210526315
0.00034693667763157894
0.0012592516447368421
0.00023129111842105262
0.00038548519736842106
0.00026983963815789476
0.00020559210526315788
0.00047543174342105265
0.0009637129934210526
0.0008223684210526315
0.003353721217105263
0.04938065378289474
0.0011050575657894736
0.0010665090460526315
0.001323499177631579
0.0020045230263157896
0.0012078536184210527
0.0014134457236842106
0.001567639802631579
0.005229749177631579
0.005987870065789474
0.002235814144736842
0.0030196340460526315
0.004176089638157895
0.0027626439144736842
0.004780016447368421
0.04431794819078947
0.024940892269736843
0.0006167763157894736
0.0017989309210526315
0.003726356907894737
0.004715768914473684
0.0030838815789473685
0.015599300986842105
0.008532072368421052
0.002055921052631579
0.0007067228618421053
0.00047543174342105265
0.00043688322368421053
0.0008223684210526315
0.001156455592105263
0.0024671052631578946
0.0078125
0.010343852796052632
7.70970394736842e-05
0.00010279605263157894
0.0017989309210526315
0.0023514597039473685
0.002300061677631579
0.002557051809210526
0.0017218338815789473
0.001529091282894737
0.0008223684210526315
0.000244140625
0.00023129111842105262
0.0001670435855263158
0.0
0.0
0.002068770559210526
0.018734580592105265
0.0011307565789473685
0.001079358552631579
0.012579666940789474
0.015406558388157895
0.015111019736842105
0.01944130345394737
0.015213815789473685
0.01435289884868421
0.0065018503289473685
0.002621299342105263
0.0031866776315789473
0.0021715666118421054
0.0005910773026315789
0.0011950041118421052
0.002261513157894737
0.08426706414473684
0.013941714638157895
0.008197985197368422
0.010575143914473685
0.027163856907894735
0.023270456414473683
0.012913754111842105
0.019903885690789474
0.05263157894736842
0.0038291529605263158
0.004612972861842105
0.008043791118421052
0.016138980263157895
0.007118626644736842
0.018246299342105265
0.05756578947368421
0.014185855263157895
0.0031609786184210527
0.0010022615131578948
0.00146484375
0.010086862664473685
0.006913034539473684
0.004947060032894737
0.0049727590460526315
0.009303042763157895
0.000732421875
0.0017989309210526315
0.0007709703947368421
0.004445929276315789
0.001040810032894737
0.003379420230263158
0.0107421875
0.0
0.0
0.0
0.0
0.0
0.0
0.0
0.0
0.0
0.0
0.0
0.0
0.0
0.0
0.0
0.0
