0.18415178571428573
0.003020138343799058
0.0019163314364207221
0.001557594191522763
0.0014778748037676608
0.00126324568288854
0.0015238667582417582
0.001140600470957614
0.0010516826923076923
0.0007450696624803768
0.0012693779434850864
0.0007052099686028257
0.000947434262166405
0.0010394181711145998
0.0008523842229199373
0.0009811616954474097
0.0009413020015698587
0.0008922439167974882
0.0008523842229199373
0.0008523842229199373
0.0008002600078492936
0.0006377551020408163
0.0006469534929356358
0.0008002600078492936
0.0008247890502354788
0.0007757309654631083
0.0006592180141287284
0.0007450696624803768
0.0007849293563579278
0.0006745486656200942
0.0006837470565149137
0.0009934262166405024
0.002961881868131868
0.0006806809262166405
0.0009627649136577708
0.0006438873626373626
0.0008861116562009419
0.0006285567111459969
0.00063162284144427
0.0006837470565149137
0.0007695987048665621
0.0007726648351648351
0.0006346889717425432
0.008861116562009419
0.0006377551020408163
0.0009229052197802198
0.0010884762558869701
0.008879513343799057
0.009011356946624804
0.008839653649921507
0.009207589285714286
0.00907574568288854
0.008996026295133438
0.009140134419152277
0.008965364992150707
0.009271978021978022
0.009069613422291994
0.009057348901098902
0.000907574568288854
0.001005690737833595
0.0010823439952904238
0.0010731456043956045
0.00114673273155416
0.001063947213500785
0.001300039246467818
0.00936702806122449
0.009127869897959183
0.009768691130298273
0.009146266679748823
0.009278110282574569
0.008836587519623233
0.009023621467817896
0.008523842229199372
0.008971497252747252
0.008876447213500786
0.009048150510204082
0.00884271978021978
0.008956166601255887
0.009186126373626374
0.008925505298273155
0.008879513343799057
0.008830455259026688
0.008962298861852434
0.009204523155416013
0.008873381083202512
0.00840426314756672
0.008940835949764522
0.00888257947409733
0.00891017464678179
0.008655685832025117
0.008900976255886971
0.000512043759811617
0.0006530857535321822
0.0005764324960753532
0.0006530857535321822
0.0008063922684458398
0.0007695987048665621
0.009655244309262167
0.008943902080062795
0.009695104003139717
0.009462078100470958
0.010427909144427
0.008922439167974883
0.009305705455259026
0.009140134419152277
0.010035444466248038
0.008916306907378336
0.008983761773940346
0.00960925235478807
0.008977629513343799
0.00969817013343799
0.00988213795133438
0.009431416797488226
0.009097208594976453
0.009621516875981161
0.009863741169544742
0.009894402472527472
0.00921065541601256
0.008907108516483516
0.008799793956043956
0.00895923273155416
0.008996026295133438
0.008986827904238619
0.0007695987048665621
0.0007542680533751962
0.0007236067503924646
0.0008186567896389325
0.0009443681318681319
0.0011712617739403455
0.0007971938775510204
0.0006438873626373626
0.000711342229199372
0.0005886970172684458
0.0006193583202511774
0.0007604003139717425
0.0006530857535321822
0.0007266728806907378
0.0008155906593406594
0.0006684164050235479
0.0007389374018838304
0.000827855180533752
0.0007542680533751962
0.0007604003139717425
0.0008002600078492936
0.0006776147959183673
0.0007542680533751962
0.0006806809262166405
0.0008125245290423862
0.0010302197802197802
0.0008155906593406594
0.0007818632260596547
0.0008401197017268446
0.0007266728806907378
0.000671482535321821
0.0006990777080062795
0.0007205406200941915
0.0007358712715855573
0.0007634664442700157
0.0008585164835164835
0.0008953100470957614
0.0009351697409733125
0.0007021438383045526
0.0006806809262166405
0.0007604003139717425
0.0006377551020408163
0.0008707810047095761
0.0007695987048665621
0.0007542680533751962
0.0007082760989010989
0.0008707810047095761
0.0006162921899529043
0.0008125245290423862
0.0006009615384615385
0.0009259713500784929
0.0008002600078492936
0.0008063922684458398
0.0007236067503924646
0.000809458398744113
0.0007512019230769231
0.0008646487441130299
0.0007971938775510204
0.0008493180926216641
0.0007941277472527473
0.0009321036106750393
0.0009351697409733125
0.0008033261381475667
0.0008002600078492936
0.0008707810047095761
0.0007604003139717425
0.0009443681318681319
0.0008953100470957614
0.0011099391679748822
0.0013153698979591836
0.0009811616954474097
0.001085410125588697
0.0010946085164835165
0.0009903600863422292
0.0009505003924646782
0.0009780955651491365
0.001063947213500785
0.0011222036891679749
0.0011988569466248038
0.0012693779434850864
0.0011712617739403455
0.0012356505102040817
0.0010762117346938774
0.0012755102040816326
0.0012049892072213502
0.0012080553375196233
0.0012540472919937205
0.0012540472919937205
0.0014901393249607535
0.001342965070643642
0.0016066522762951333
0.0014778748037676608
0.001618916797488226
0.0016219829277864992
0.0016097184065934065
0.0017017023155416013
0.0019500588697017268
0.0017722233124018837
0.0015667925824175825
0.0016066522762951333
0.001876471742543171
0.0017906200941915228
0.001855008830455259
0.0016894377943485086
0.0015545280612244898
0.0013582957221350079
0.0016219829277864992
0.0015729248430141286
0.0015330651491365778
0.001499337715855573
0.0013920231554160126
0.0012080553375196233
0.0015391974097331241
0.001422684458398744
0.0013644279827315542
0.0015453296703296703
0.001833545918367347
0.0017231652276295134
0.0018488765698587127
0.0017078345761381475
0.0018120830062794348
0.0017967523547880691
0.002035910518053375
0.0018304797880690738
0.000947434262166405
0.0009934262166405024
0.0007266728806907378
0.0007389374018838304
0.0009167729591836735
0.0009382358712715855
0.0010976746467817897
0.0023977138932496076
0.030544790031397175
0.03456938830835962
8.31772476340694e-05
0.0
0.0
0.0
0.0
0.0
1.5403194006309148e-06
1.5403194006309148e-06
0.0
0.0
0.0
3.0806388012618296e-06
0.0
1.5403194006309148e-06
4.004830441640379e-05
0.006054995563880126
1.5403194006309148e-06
0.0
3.0806388012618296e-06
0.0
3.0806388012618296e-06
3.0806388012618296e-06
1.0782235804416405e-05
1.5403194006309148e-06
0.0
0.0
0.0
1.5403194006309148e-06
1.3862874605678234e-05
6.469341482649843e-05
0.00015095130126182966
0.008542611395899053
0.000361975059148265
0.00010782235804416403
4.774990141955836e-05
3.3887026813880126e-05
0.0
1.5403194006309148e-06
4.6209582018927445e-06
2.4645110410094636e-05
0.0
1.5403194006309148e-06
0.0
2.4645110410094636e-05
0.0
9.241916403785489e-06
0.00030344292192429023
0.01614562795741325
0.0003419509069400631
0.0003912411277602524
0.00023412854889589906
0.00011552395504731861
6.161277602523659e-06
9.241916403785489e-06
4.929022082018927e-05
2.4645110410094636e-05
6.161277602523659e-06
4.6209582018927445e-06
3.0806388012618296e-06
6.315309542586751e-05
0.00013862874605678234
0.00029882196372239746
0.0010951670938485804
0.012328716482649842
0.00022642695189274448
0.0001956205638801262
0.00022950759069400632
0.000289580047318612
0.0002726365339116719
0.00019408024447949528
5.5451498422712935e-05
3.850798501577287e-05
7.701597003154574e-06
1.5403194006309148e-06
3.0806388012618296e-06
6.623373422712933e-05
8.31772476340694e-05
0.00011552395504731861
0.001665085272082019
0.01072678430599369
0.00020332216088328077
8.933852523659306e-05
9.087884463722398e-05
7.547565063091483e-05
7.393533123028391e-05
7.2395011829653e-05
4.774990141955836e-05
4.774990141955836e-05
1.2322555205047318e-05
2.156447160883281e-05
2.0024152208201894e-05
0.0001663544952681388
0.00022642695189274448
0.00045439422318611987
0.0034441541798107254
0.008661215989747634
0.00014324970425867508
0.00011090299684542587
8.625788643533124e-05
0.0001340077878548896
0.0001355481072555205
0.00018175768927444796
0.00012784651025236592
2.4645110410094636e-05
4.929022082018927e-05
6.623373422712933e-05
0.00012322555205047318
0.0001863786474763407
0.0003142251577287066
0.0003912411277602524
0.001882270307570978
0.009745600847791799
0.00022180599369085174
0.00025569302050473184
0.0003111445189274448
0.0003404105875394322
0.00023566886829652997
0.00039740240536277605
0.0002741768533123028
7.393533123028391e-05
0.00010628203864353313
0.00014941098186119873
0.000217185035488959
0.00030036228312302837
0.0004282087933753943
0.0007331920347003155
0.001982391068611987
0.010330922220031546
0.00031730579652996843
0.00021564471608832806
0.00019408024447949528
0.0001971608832807571
0.0002079431190851735
0.00017713673107255522
0.0001355481072555205
0.00010012076104100946
0.00016943513406940063
0.0001971608832807571
0.00033732994873817036
0.0007254904376971609
0.0014987307768138801
0.0012907876577287066
0.0028326473777602525
0.01416015625
0.0004328297515772871
0.018699477523659306
0.08255033763801262
0.12317318119085173
0.08991306437302839
0.12729815654574134
0.09149959335567823
0.00024799142350157726
0.00029728164432176656
0.0003742976143533123
0.0005144666798107256
0.0010612800670347002
0.0019038347791798108
0.0009996672910094638
0.002079431190851735
0.012812376774447949
0.00046979741719242903
0.0008379337539432177
0.0012091507294952682
0.0018314397673501578
0.001336997239747634
0.0037568390181388013
0.0025600108438485806
0.00045439422318611987
0.0005252489156151419
0.000596103608044164
0.0006885227720820189
0.0010350946372239748
0.0018853509463722397
0.0015603435528391168
0.0031407112578864353
0.02289992852917981
0.0007393533123028391
0.0006192083990536278
0.0022303824921135647
0.0023181806979495267
0.0007624581033123029
0.0013862874605678234
0.001574206427444795
0.0011721830638801263
0.0013601020307570978
0.0016573836750788645
0.001971608832807571
0.0028788569597791797
0.005847052444794953
0.0034672589708201894
0.009052457117507887
0.020704973383280756
0.0009534577089905363
0.0011906668966876971
0.002156447160883281
0.0015603435528391168
0.0011814249802839117
0.0014679243888012618
0.0013970696963722397
0.0015772870662460567
0.002510720623028391
0.001966987874605678
0.0020594070386435333
0.003254694893533123
0.0045793695780757095
0.006416970623028391
0.0132683113170347
0.003763000295741325
0.00024799142350157726
0.0001555722594637224
0.0003142251577287066
0.0002757171727129338
0.00029420100552050475
0.0003019026025236593
0.00029420100552050475
0.0003665960173501577
0.0005976439274447949
0.00033732994873817036
0.0004574748619873817
0.0007177888406940063
0.0008440950315457413
0.0012584409503154574
0.0023921160291798106
0.0
0.0
0.0
0.0
0.0
0.0
0.0
0.0
0.0
0.0
0.0
0.0
0.0
0.0
0.0
0.0
0.01030473679022082
0.007790935528391167
0.007428960469242902
0.0075891536869085174
0.007415097594637224
0.00666804268533123
0.007236420544164038
0.007892596608832807
0.007920322358044164
0.0068682842074132494
0.0069206550670347
0.007294952681388012
0.007598395603312303
0.007304194597791798
0.00782790319400631
0.008967739550473187
