0.02207981230505592
0.007091809484468211
0.006795712319417035
0.006477831439225855
0.006909471720703727
0.0066682372456347856
0.00655367104008365
0.006498808350101415
0.007006288232437081
0.006508490001274751
0.006508490001274751
0.006428616379094734
0.0067335883910548
0.006446366072912515
0.0063608448208813855
0.0068360525326392665
0.006706963850328127
0.00652059206524142
0.0064221619449791765
0.006543989388910314
0.006603692904479216
0.006514944435390308
0.006426195966301399
0.006422968749243621
0.006560125474199207
0.006435877617474735
0.006389082970136947
0.006434264008945846
0.006550443823025871
0.006310822956485819
0.00644717287717696
0.006533500933472534
0.006427002770565844
0.00633018625883249
0.0063874693616080575
0.006442332051590292
0.0065835227978681
0.006443945660119181
0.006498001545836971
0.0064052190554258395
0.006473797417903632
0.006464115766730297
0.006306788935163596
0.006373753689112499
0.006462502158201407
0.006349549561179161
0.006385855753079169
0.006453627311292517
0.006635965075057
0.006785223863979255
0.006614988164181441
0.006381014927492501
0.006427002770565844
0.006380208123228056
0.006273709960321366
0.0065012287628947495
0.006428616379094734
0.006745690455021469
0.006444752464383626
0.0064576613326147395
0.0063608448208813855
0.0064399116387969585
0.006406025859690284
0.006423775553508065
0.004856154867692169
0.004042896169131991
0.0028552802918695107
0.0030723106390051136
0.002880291224067294
0.004334959312860944
0.0028286557511428383
0.002798803993358387
0.002839951010845063
0.002868995964365069
0.002777827082482827
0.0028068720360028337
0.002859314313191734
0.0029028817434717433
0.0029117565903806343
0.002827042142613949
0.0035442911337052164
0.0027850883208628287
0.002918211024496191
0.0031497638483917972
0.0029125633946450787
0.003184456431762916
0.0029827553656517607
0.002892393288033963
0.0028472122492250646
0.002906108960529522
0.002892393288033963
0.0029343471097850833
0.00281494007864728
0.002933540305520639
0.002848019053489509
0.0028601211174561782
0.0027479753246983764
0.0037944004556830484
0.003086026311500672
0.0032191490151340344
0.0031715475635318018
0.0039815790450342
0.0031134576564917893
0.003115878069285123
0.0032699776837940456
0.0034886216394585377
0.003094901158409563
0.003011800319171767
0.0033522717187673967
0.0031868768445562495
0.0035200870057718776
0.003526541439887435
0.003098935179731786
0.0027899291464494966
0.003672573011751911
0.0035200870057718776
0.003619323930298566
0.00349426926930965
0.0028383374023161737
0.0029198246330250804
0.002868995964365069
0.0030311636215184378
0.0028125196658539456
0.002763304605722824
0.002795576776300609
0.002901268134942854
0.0027407140863183748
0.0028464054449606198
0.0029956642338828748
0.0027762134739539378
0.0027278052180872607
0.0036846750757185804
0.0028125196658539456
0.0032869205733473826
0.002728612022351705
0.002756850171607267
0.002786701929391718
0.003984806262091979
0.002839951010845063
0.004276062601556487
0.0028472122492250646
0.0031997857127873636
0.0027407140863183748
0.0027302256308805945
0.003936398006225301
0.002741520890582819
0.002741520890582819
0.0027721794526317147
0.002689078613393919
0.0027721794526317147
0.002725384805293927
0.0027641114099872686
0.002818974099969503
0.002786701929391718
0.002711669132798368
0.0027278052180872607
0.0027278052180872607
0.0027342596522028175
0.0027189303711783698
0.002765725018516158
0.0028012244061517214
0.0028746435942161815
0.0027754066696894933
0.0027899291464494966
0.002769759039838381
0.002748782128962821
0.0026947262432450315
0.002746361716169487
0.002737486869260596
0.0027802474952761612
0.0027391004777894854
0.002733452847938373
0.0027810542995406057
0.002722964392500593
0.002728612022351705
0.0027560433673428225
0.0027673386270450472
0.0027536229545494888
0.002737486869260596
0.0027261916095583714
0.00276088419292949
0.002782667908069495
0.0028827116368606276
0.002850439466282843
0.002835110185258395
0.0028028380146806102
0.002797190384829498
0.0027520093460205995
0.0028294625554072827
0.00278186110380505
0.0027342596522028175
0.0028197809042339473
0.0031408890014829063
0.0028964273093561865
0.002892393288033963
0.0030085731021139883
0.0030021186679984315
0.0027512025417561546
0.0029004613306784096
0.0030432656854851073
0.0029165974159673018
0.0027027942858894776
0.002785895125127273
0.002818974099969503
0.0028125196658539456
0.0027713726483672703
0.002803644818945055
0.0027842815165983843
0.0029109497861161894
0.002795576776300609
0.002782667908069495
0.002769759039838381
0.0028334965767295058
0.00278186110380505
0.002803644818945055
0.0028302693596717276
0.0029165974159673018
0.0028125196658539456
0.002889166070976185
0.002852859879076177
0.0028343033809939506
0.0028641551387784017
0.0027689522355739365
0.0028173604914406136
0.0031554114782429096
0.002778633886747272
0.0028552802918695107
0.002863348334513957
0.0028657687473072906
0.002864961943042846
0.0027665318227806024
0.002741520890582819
0.003194138082936251
0.00294241515242953
0.0028988477221495203
0.003162672716622911
0.0030392316641628843
0.002798803993358387
0.002765725018516158
0.002778633886747272
0.0030005050594695422
0.0027407140863183748
0.0028254285340850597
0.0028092924487961675
0.002872223181422848
0.002785895125127273
0.0028496326620183984
0.002944028760958419
0.003169127150738468
0.0028601211174561782
0.0028706095728939585
0.002864961943042846
0.0031231393076651248
0.0028383374023161737
0.002922245045818414
0.004167950830120908
0.0
0.0
0.0
0.0
0.0
0.0
0.0
0.0
0.0
0.0
0.0
0.0
0.0
0.0
0.0
0.0
0.0
0.0
0.0
0.0
0.0
0.0
0.0
0.0
0.0
0.0
0.0
0.0
0.0
0.0
0.0
0.0
0.0
0.0
0.0
0.0
0.0
0.0
0.0
0.0
0.0
0.0
0.0
0.0
0.0
0.0
0.0
0.0
0.002187774632961125
2.7463296112489663e-05
1.0096800041356493e-05
1.2116160049627792e-05
4.8060768196856906e-05
3.029040012406948e-05
7.835116832092638e-05
1.615488006617039e-05
1.534713606286187e-05
6.865824028122416e-06
3.2309760132340777e-06
1.534713606286187e-05
9.289056038047973e-06
5.250336021505377e-06
7.673568031430934e-06
8.077440033085194e-06
0.0
0.0
0.0
0.0
0.0
0.0
0.0
0.0
0.0
0.0
0.0
0.0
0.0
0.0
0.0
0.0
0.001208385028949545
8.077440033085194e-06
9.289056038047973e-06
3.796396815550041e-05
3.5944608147229115e-05
1.3327776054590571e-05
0.002584376938585608
0.001010487748138958
1.494326406120761e-05
6.058080024813896e-06
3.2309760132340777e-06
4.846464019851117e-06
9.289056038047973e-06
4.442592018196857e-06
4.038720016542597e-06
8.077440033085194e-06
0.0024022306658395367
2.463619210090984e-05
5.8561440239867656e-05
0.00011550739247311829
0.00013287388854425145
0.0001102570564516129
0.0023889028897849463
0.0012911787892886683
7.269696029776675e-06
1.3731648056244831e-05
1.1308416046319272e-05
9.289056038047973e-06
2.1405216087675764e-05
6.865824028122416e-06
1.1308416046319272e-05
1.1712288047973532e-05
0.0004240656017369727
0.0
0.0
0.00030815433726220015
1.2116160049627792e-05
5.654208023159636e-06
0.001187787556865178
0.0005436117142266336
0.0
0.0
0.0
0.0
0.0
0.0
0.0
0.0
0.0013335853494623655
3.473299214226634e-05
3.069427212572374e-05
0.00013448937655086848
0.0009026539236972705
0.00048262704197684036
5.8561440239867656e-05
4.442592018196857e-05
1.494326406120761e-05
1.534713606286187e-05
1.494326406120761e-05
2.5443936104218362e-05
6.461952026468155e-05
0.00011389190446650124
1.8578112076095946e-05
1.8981984077750206e-05
0.0012540225651364765
0.0001203538564929694
4.0387200165425974e-05
0.00026049744106699754
0.0005993460504549214
0.00012479644851116627
0.0009499069478908188
0.00044466307382133997
2.2616832092638544e-05
2.988652812241522e-05
2.6251680107526882e-05
2.786716811414392e-05
8.92557123655914e-05
6.260016025641025e-05
2.6251680107526882e-05
5.694595223325062e-05
0.0007851271712158809
5.2503360215053764e-05
4.6445280190239866e-05
4.159881617038875e-05
0.000477376705955335
4.523366418527709e-05
0.0002839220171629446
0.00013448937655086848
3.957945616211745e-05
3.392524813895782e-05
3.4329120140612075e-05
3.392524813895782e-05
3.2713632133995034e-05
3.2713632133995034e-05
0.00023949609698097602
0.00016801075268817206
0.002262490953267163
0.00011873836848635235
0.00015751008064516129
0.00017608819272125725
0.0012616961331679073
0.00013004678453267164
0.0003061349772539289
0.00023626512096774194
0.00018739660876757652
0.00010541059243176179
8.683248035566585e-05
0.00011106480045492143
0.00012075772849462366
0.0005343226581885856
0.0003998332816377171
0.00042245011373035564
0.000530283938172043
3.917558416046319e-05
6.01769282464847e-05
6.785049627791564e-05
0.0001506442566170389
7.148534429280397e-05
7.512019230769231e-05
5.4118848221670805e-05
0.0001764920647229115
3.6752352150537636e-05
2.4232320099255585e-05
3.473299214226634e-05
4.927238420181968e-05
1.3327776054590571e-05
0.0001583178246484698
0.0001122764164598842
0.0038868641439205954
0.0007608948511166253
0.00035863833746898265
0.00044547081782464845
0.0014846334780810586
0.001216058596980976
0.0004394127377998346
0.0006179241625310173
0.00253429681038048
0.0005739021143507031
0.00015387523263027294
0.000300076897229115
0.000923655267783292
0.00041356492969396195
0.000991909636062862
0.001441419173904053
0.0038977686879652605
0.0007677606751447478
0.00048303091397849463
0.0004252772177419355
0.001662337158808933
0.0014357649658808932
0.0005678440343258892
0.000768164547146402
0.00264334225082713
0.0008913455076509512
0.00018901209677419354
0.00039660230562448305
0.0010500672043010752
0.0004272965777502068
0.0009256746277915632
0.0016655681348221672
0.10159319427212572
0.10189771376137303
0.1015386715519024
0.10171637523263027
0.04370298929900744
0.043752665555210915
0.04376316622725393
0.043566884434449955
0.04351559269023987
0.04341947115384615
0.04364927432278743
0.0436565440188172
0.0436706795388751
0.043665025330851946
0.04370460478701406
0.04370823963502895
