0.2710964933378229
0.009485785752080427
0.004729664726538073
0.004490355476453894
0.008716147962864977
0.004080282841887536
0.0027526576554908846
0.0032012121795180143
0.008692096781951994
0.002973928519890327
0.0020804271489730146
0.0016895954591370436
0.004717639136081582
0.0016294675068545866
0.0014875655394679878
0.005779498773389773
0.006741546009909087
0.0016968108134109384
0.0016222521525806918
0.0012662946750685458
0.003570397806532301
0.001676367309634903
0.001097936408677666
0.0010654673144451393
0.0028717110010101497
0.0012314204627447208
0.001275915147433739
0.0011857232190100534
0.003130261195824715
0.001156861801914474
0.0009319832603780846
0.0010931261724950695
0.004017749771513781
0.0008898936937803646
0.0009836932993409976
0.0008658425128673818
0.00759055269613738
0.0014995911299244794
0.0007792582615806437
0.0008117273558131704
0.0018242820722497474
0.0009007167251912069
0.0008117273558131704
0.0015416806965221992
0.0015645293183895329
0.0008862860166434172
0.000876665544278224
0.0008959064890086103
0.0029907643465294145
0.001088315936312473
0.0009969214488431382
0.007265861753812112
0.0015789600269373227
0.0006986868055221512
0.0008009043244023282
0.0007696377892154505
0.0017220645533695704
0.0008922988118716629
0.0011051517629515608
0.0027334167107604984
0.0020287171100101015
0.0016583289239501659
0.0012999663283467218
0.0010798980229929289
0.010693155033912166
0.004343643272884699
0.0034152676896435615
0.006327865698205782
0.006074125739573813
0.01460628216845447
0.004122372408485257
0.0018771946702583098
0.0052239164942998705
0.0037315407186492857
0.0011255952667275962
0.001336043099716196
0.0020864399442012604
0.002882534032420992
0.0013685121939487229
0.0015982009716677089
0.007428207224974746
0.0022415700610899994
0.0021321371879359278
0.006074125739573813
0.003274568281302612
0.007360863918418395
0.004192120833132907
0.0032240608013853482
0.00170883640386743
0.003904709221222762
0.002167011400259753
0.004436240319399682
0.001557313964115638
0.0033322911154937706
0.003632930876906056
0.0024435999807590554
0.0012578767617490018
0.003019625763624994
0.0013348405406705469
0.0020647938813795758
0.0055786714127663665
0.005327336572225696
0.003273365722256963
0.0014346529414594256
0.004429024965125788
0.002788734426860359
0.003215642888065804
0.0009632497955649622
0.003001587377940257
0.0015669344364808312
0.0035186877675693878
0.00352951079898023
0.002358218288517966
0.0006698253884265717
0.003785655875703497
0.0029294338352013082
0.010374476886815143
0.005741016883929001
0.0013709173120400211
0.0015272499879744096
0.002203088171629227
0.0012121795180143344
0.0010835057001298764
0.0013757275482226177
0.002110491125114243
0.001973399393910241
0.00158256770407427
0.001420222232911636
0.005311703304632258
0.0017749771513781328
0.0008862860166434172
0.008799124537014768
0.003274568281302612
0.004765741497907547
0.0009692625907932079
0.0009836932993409976
0.0023534080523353695
0.010991389677233152
0.0011243927076819472
0.047865457693972775
0.001054644283034297
0.00633027081629708
0.0008345759776805041
0.001012554716436577
0.0032457068642070324
0.0006878637741113088
0.0008838808985521189
0.0010450238106691039
0.0013600942806291788
0.0009981240078887873
0.0008105247967675213
0.0006072923180528163
0.0011965462504208958
0.0011676848333253163
0.000689066333156958
0.0008610322766847852
0.0012650921160228968
0.0007467891673481168
0.0007443840492568185
0.0007503968444850642
0.0013240175092597048
0.0024339795083938623
0.0006541921208331329
0.001071480109673385
0.001131608061955842
0.0010017316850257348
0.0006012795228245707
0.000680648419837414
0.0013396507768531434
0.0007083072778873442
0.0009307807013324355
0.0006758381836548175
0.001063062196353841
0.0006866612150656597
0.0006758381836548175
0.000816537591995767
0.0017990283322911155
0.0007936889701284333
0.0013925633748617058
0.0009295781422867863
0.001141228534321035
0.0007515994035307133
0.0021153013612968397
0.0014671220356919524
0.002236759824907403
0.0013805377844052142
0.0020202991966905576
0.001182115541873106
0.001180912982827457
0.0007876761749001876
0.0012278127856077733
0.0011243927076819472
0.00981648948963394
0.0016390879792197797
0.0019421328587233633
0.010091875511087594
0.0030148155274423976
0.0010233777478474192
0.003998508826783395
0.0034573572562412815
0.0017316850257347637
0.0016258598297176391
0.000944008850834576
0.0010558468420799462
0.0017473182933282023
0.0006650151522439752
0.00099451633075184
0.000850209245273943
0.0024435999807590554
0.0008922988118716629
0.0023690413199288084
0.0016090240030785512
0.0014983885708788301
0.0007491942854394151
0.0015933907354851124
0.0012278127856077733
0.003979267882053009
0.0012410409351099139
0.0012566742027033527
0.002118909038433787
0.0013372456587618451
0.0009343883784693829
0.0009235653470585405
0.0011460387705036316
0.0019601712444081002
0.0008141324739044687
0.0010113521573909278
0.000791283852037135
0.0017497234114195008
0.0012699023522054933
0.0007984992063110298
0.0008177401510414161
0.01833301265092116
0.003088171629226995
0.0010221751888017702
0.00491606137861369
0.0038914810717206216
0.0009295781422867863
0.0009548318822454183
0.0012109769589686854
0.0047837798835922846
0.0009343883784693829
0.0015356679012939536
0.0009812881812496994
0.002840444465823272
0.0008129299148588196
0.0022644186829573333
0.0023125210447832987
0.005886526528452547
0.0018783972293039588
0.002987156669392467
0.002585501948145654
0.008310885564481216
0.0030665255664053103
0.004392948193756314
0.04561907739670018
0.13192925882398274
6.020730579531443e-07
0.0
6.020730579531443e-07
2.408292231812577e-06
0.0
0.0
1.2041461159062885e-06
1.2041461159062885e-06
0.0
6.020730579531443e-07
0.0
0.0
0.0
0.0
0.0
0.001185481851109741
0.0
1.264353421701603e-05
5.418657521578298e-06
6.020730579531443e-07
6.020730579531443e-07
1.5051826448828606e-05
1.3245607274969173e-05
0.0
0.0
0.0
0.0
0.0
0.0
0.0
0.0
0.0
0.0
0.0
0.0
0.0
0.0
0.0
0.0
0.0
0.0
0.0
0.0
0.0
0.0
0.0
0.0
0.0032566131704685575
3.612438347718866e-05
1.7460118680641184e-05
4.997206381011097e-05
2.8899506781750925e-05
9.873998150431567e-05
1.866426479654747e-05
1.565389950678175e-05
4.094096794081381e-05
1.3847680332922319e-05
7.224876695437731e-06
3.431816430332922e-05
1.9266337854500617e-05
1.4449753390875463e-05
1.3245607274969173e-05
3.3716091245376076e-05
0.0
0.0
0.0
0.0
0.0
0.0
0.0
0.0
0.0
0.0
0.0
0.0
0.0
0.0
0.0
0.0
0.0
0.0
0.0
0.0
0.0
0.0
0.0
0.0
0.0
0.0
0.0
0.0
0.0
0.0
0.0
0.0
0.003659400046239211
0.00010476071208384711
4.515547934648582e-05
8.127986282367448e-05
0.00020952142416769422
6.683010943279901e-05
3.1909872071516646e-05
4.1543040998766954e-05
6.92384016646116e-05
4.0338894882860663e-05
4.3349260172626384e-05
6.080937885326757e-05
5.659486744759556e-05
4.816584463625154e-05
6.2615598027127e-05
0.0003106696979038224
0.009246035950986437
0.00020049032829839704
0.0010313511482737362
0.0001457016800246609
0.0004310843094944513
0.00012282290382244142
0.0026569484047472254
0.0013655016954377311
0.00011620010018495684
5.4186575215782984e-05
5.900315967940814e-05
4.094096794081381e-05
7.525913224414304e-05
4.1543040998766954e-05
7.224876695437732e-05
0.0003702749306411837
0.00450170025431566
0.00014389546085080148
0.0001643659448212084
9.332132398273736e-05
0.000246247880702836
0.00018965301325524043
0.00028237226418002467
0.00022216495838471022
0.00013366021886559803
7.525913224414304e-05
9.031095869297164e-05
7.947364364981505e-05
0.00010235241985203453
9.271925092478421e-05
0.00011499595406905055
0.0008657810573366215
0.0071429947595561035
0.0003498044466707768
0.00018001984432799013
0.00027815775277435263
0.0012216062345869298
0.0006628824368064118
0.0013083047549321825
0.0007604182721948212
0.0004617900354500617
0.000183632282675709
0.00023360434648581998
0.0001914592324290999
0.00024323751541307029
0.00012884363440197286
0.00041964492139334156
0.0010301470021578298
0.012194387715782984
0.0006947923088779285
0.0003690707845252774
0.000567754893649815
0.0025058280672009864
0.0008988950755240444
0.00404593094944513
0.0021608402049938347
0.0009627148196670776
0.0005400595329839704
0.00037749980733662144
0.0003835205379161529
0.0006454223181257706
0.00026009556103575833
0.0006767301171393341
0.0023095522503082614
0.018948443279901358
0.00114694917540074
0.0007604182721948212
0.0012908446362515412
0.004563111706226881
0.001535286297780518
0.005260312307336621
0.002704512176325524
0.001540102882244143
0.0011830735588779285
0.0008073799707151664
0.0008164110665844636
0.0011066102805178792
0.0006791384093711467
0.0010951708924167695
0.00341796875
0.02344532694975339
0.0022342931180641184
0.0017267455302096178
0.0021843210542540075
0.006254936999075216
0.0026756126695437732
0.006056854963008632
0.00358835542540074
0.003097665883168927
0.0015124075215782985
0.0013781452296547471
0.0015563588548088779
0.0021632484972256474
0.0013083047549321825
0.0015786355579531443
0.005823250616522811
0.04913458018649815
0.008416981350184956
0.007156240366831073
0.006561994258631319
0.019078491060419235
0.01483809051325524
0.007518688347718866
0.009193655594944512
0.030697296932799014
0.003292135480887793
0.002361932606350185
0.004669076564426634
0.011134137060727496
0.0049833587006781754
0.009831250963316893
0.021982891491985204
0.066521848027127
0.013335918233662146
0.010451386213008632
0.012533956920468558
0.03144747996300863
0.03306645441584464
0.014367269381935882
0.01645044216245376
0.056376917000616526
0.005277772426017262
0.0056028918773119605
0.008722232390567202
0.02415757937731196
0.012624869952219482
0.024492934070591863
0.049280281866522814
0.0056685178406288535
0.0049833587006781754
0.004847290189580765
0.004949642609432799
0.00490388505702836
0.005029116253082614
0.004783470445437732
0.005234423165844636
0.004959877851418003
0.004905089203144267
0.004851504700986437
0.005002022965474723
0.004949040536374846
0.00516819512946979
0.005258506088162762
0.005887070360665845
