0.3844907183016673
0.004010759984490113
0.0035896907716169058
0.002714230321830167
0.004016061215587437
0.0028603928363706865
0.002763456039162466
0.0030429066498642884
0.0045666319309810004
0.004166767642497092
0.0020886850523458705
0.0026786363416052734
0.003120910478867778
0.0023484453761147732
0.002097015558355952
0.00426597639588988
0.005988119183792167
0.0020780825901512215
0.0021719901124466847
0.0018804224020938349
0.0022946757464133386
0.0022848306029468785
0.0021333668573090343
0.0020235556417215975
0.002787690238464521
0.0019894762989530828
0.00205006179720822
0.0021371534509499806
0.002306792846064366
0.0020099239046141915
0.004203876260178364
0.0021068607018224117
0.003175437427297402
0.0019129871074059714
0.001929648119426134
0.0021197351202016284
0.0033276584916634355
0.00190465660139589
0.0019402505816207834
0.0020371873788290035
0.0024347797111283443
0.0020462752035672743
0.0019281334819697556
0.0024135747867390462
0.0021772913435440092
0.0021772913435440092
0.0020402166537417605
0.0020031080360604888
0.002585486138037999
0.0023348136390073672
0.0024219052927491277
0.0031905838018611867
0.0027043851783637067
0.0023673783443195037
0.0025226286835982937
0.0024514407231485073
0.0027377072024040326
0.002402215005816208
0.0024840054284606438
0.0026998412659945716
0.0025680678072896473
0.002972476008142691
0.0026286533055447847
0.0028603928363706865
0.0025317165083365645
0.002365106388134936
0.002009166585886002
0.0019652420996510277
0.002824798856145793
0.0038767145696006204
0.0025256579585110506
0.0022060694552151995
0.0025226286835982937
0.002296190383869717
0.001953125
0.001962212824738271
0.002433265073671966
0.00310955069794494
0.002268926909654905
0.002028856872818922
0.002883869716944552
0.002365863706863125
0.0019902336176812717
0.002393127181077937
0.002375708850329585
0.0029156771035284993
0.0026066910624272972
0.0024226626114773166
0.0022022828615742536
0.0023090648022489335
0.0020068946297014346
0.0020674801279565724
0.0023158806708026367
0.0025604946200077547
0.002252265897634742
0.0021568437378829005
0.0023847966750678556
0.0022462073478092285
0.0020886850523458705
0.0020508191159364095
0.0024256918863900735
0.0025665531698332686
0.002832372043427685
0.0020689947654129507
0.002493093253198914
0.0021227643951143853
0.0024832481097324544
0.0019455518127181079
0.0021742620686312523
0.0022439353916246605
0.00223484756688639
0.002412817468010857
0.0023295124079100427
0.001905413920124079
0.002434022392400155
0.0023287550891818534
0.0034897246994959287
0.003411720870492439
0.002221215829778984
0.0021962243117487398
0.0024226626114773166
0.0021220070763861964
0.0020992875145405196
0.001959183549825514
0.0022560524912756882
0.0021295802636680885
0.0020599069406746803
0.0021538144629701435
0.0026059337436991083
0.002456741954245832
0.0023317843640946103
0.003907764637456379
0.0025627665761923228
0.0032822193679720823
0.0020280995540907327
0.0019826604303993796
0.0022636256785575804
0.003953203761147731
0.002268169590926716
0.0074648907037611475
0.001998564123691353
0.0030853164986428846
0.0019962921675067856
0.0018751211709965103
0.0022219731485071735
0.0019629701434664597
0.0018622467526172935
0.001987961661496704
0.002101559470725087
0.002155329100426522
0.002153057144241954
0.0018963260953858085
0.0022537805350911207
0.001984932386583947
0.0019447944939899185
0.001935706669251648
0.0021129192516479256
0.002031886147731679
0.0020538483908491664
0.0020334007851880572
0.00205006179720822
0.0022053121364870106
0.0019766018805738657
0.00206975208414114
0.002031886147731679
0.0019076858763086469
0.0019872043427685148
0.0019243468883288096
0.0020031080360604888
0.0019205602946878635
0.002097015558355952
0.0019887189802248934
0.0021500278693291973
0.0019826604303993796
0.002203040180302443
0.001919045657231485
0.002272713503295851
0.0020311288290034897
0.0019349493505234586
0.002179563299728577
0.002073538677782086
0.0018766358084528888
0.002495365209383482
0.002162144968980225
0.0022462073478092285
0.0021363961322217913
0.0019781165180302444
0.0019266188445133774
0.0020583923032183016
0.001843313784412563
0.002037944697557193
0.0020174970918960837
0.0035298625920899573
0.0028346439996122528
0.002517327452500969
0.0026771217041488948
0.00255519338891043
0.0020235556417215975
0.002455227316789453
0.002652130186118651
0.002653644823575029
0.0026544021423032184
0.0023348136390073672
0.001932677394338891
0.0035646992535866614
0.001871334577355564
0.0020841411399767354
0.002048547159751842
0.002378738125242342
0.001974329924389298
0.0021265509887553316
0.0019508530438154324
0.002087927733617681
0.0018758784897246995
0.0020886850523458705
0.0019538823187281893
0.002314366033346258
0.0020924716459868164
0.001928890800697945
0.0020099239046141915
0.002154571781698333
0.0020538483908491664
0.001983417749127569
0.0021606303315238463
0.00258472881930981
0.0022151572799534703
0.001911472469949593
0.0020440032473827063
0.0024113028305544786
0.002086413096161303
0.0019614555060100815
0.0020432459286545174
0.00418797256688639
0.002265897634742148
0.0020553630283055447
0.002615778887165568
0.002777845094998061
0.0019599408685537028
0.0018895102268321055
0.0023287550891818534
0.0026172935246219463
0.002190165761923226
0.0020614215781310586
0.0019235895696006204
0.002381767400155099
0.0018720918960837534
0.002278772053121365
0.0022083414113997675
0.002700598584722761
0.002382524718883288
0.001897840732842187
0.002022798322993408
0.0031428727219852655
0.00235147465102753
0.0025695824447460255
0.008325962097712292
0.34006211180124224
0.0
0.0
0.0
0.0
0.0
0.0
0.0
0.0
0.0
0.0
0.0
0.0
0.0
0.0
0.0
0.0022147042410714285
7.202906638198758e-06
7.202906638198758e-06
9.098408385093168e-06
8.719308035714285e-06
9.098408385093168e-06
8.340207686335404e-06
7.202906638198758e-06
4.928304541925466e-06
4.928304541925466e-06
8.340207686335404e-06
6.823806288819876e-06
1.2510311529503105e-05
4.928304541925466e-06
8.719308035714285e-06
6.444705939440994e-06
0.0007346964770962733
1.89550174689441e-06
2.653702445652174e-06
5.307404891304348e-06
4.170103843167702e-06
1.5164013975155278e-06
2.653702445652174e-06
2.274602096273292e-06
1.5164013975155278e-06
2.274602096273292e-06
3.79100349378882e-06
1.89550174689441e-06
4.549204192546584e-06
1.89550174689441e-06
3.411903144409938e-06
1.89550174689441e-06
0.0
0.0
0.0
0.0
0.0
0.0
0.0
0.0
0.0
0.0
0.0
0.0
0.0
0.0
0.0
0.0
0.0006763150232919255
7.202906638198758e-06
2.3504221661490684e-05
4.549204192546584e-06
5.6865052406832295e-06
7.961107336956522e-06
6.065605590062111e-06
4.549204192546584e-06
9.477508734472049e-06
3.411903144409938e-06
7.58200698757764e-06
5.307404891304348e-06
3.411903144409938e-06
5.307404891304348e-06
3.79100349378882e-06
2.274602096273292e-06
0.002467185073757764
0.0001686996554736025
6.672166149068323e-05
3.1844429347826086e-05
2.236692061335404e-05
2.0850519215838508e-05
2.3883322010869566e-05
3.487723214285714e-05
7.847377232142858e-05
2.1608719914596273e-05
4.018463703416149e-05
2.691612480590062e-05
1.9713218167701863e-05
2.502062305900621e-05
3.6772733889751554e-05
2.047141886645963e-05
0.003604865222243789
0.00011107640236801242
0.00015277744079968944
0.00010121979328416149
7.619917022515528e-05
7.089176533385094e-05
8.264387616459627e-05
4.5492041925465836e-05
4.245923913043478e-05
4.321743982919255e-05
4.852484472049689e-05
5.079944681677019e-05
7.127086568322981e-05
5.307404891304348e-05
4.9283045419254657e-05
5.459045031055901e-05
0.005600828561723602
0.00022366920613354037
0.00047728733986801244
0.00012927321913819875
0.0001239658142468944
9.287958559782609e-05
9.856609083850931e-05
0.0001266195166925466
0.00012510311529503106
0.00010538989712732919
0.00012775681774068322
0.00014178353066770187
0.00010008249223602484
9.856609083850931e-05
9.629148874223603e-05
9.591238839285714e-05
0.0004996542604813665
1.4784913625776398e-05
7.961107336956522e-06
1.2889411878881988e-05
9.477508734472049e-06
9.098408385093168e-06
1.4405813276397516e-05
5.724415275621118e-05
8.908858210403727e-05
8.719308035714285e-06
7.961107336956522e-06
8.719308035714285e-06
8.719308035714285e-06
8.719308035714285e-06
6.823806288819876e-06
1.2131211180124223e-05
0.0
0.0
0.0
0.0
0.0
0.0
0.0
0.0
0.0
0.0
0.0
0.0
0.0
0.0
0.0
0.0
0.005333562815411491
0.0012286642323369565
0.0003248889994177019
0.001785941745923913
0.0003578707298136646
0.0002778805560947205
0.0003347456085015528
0.000501170661878882
0.0006899626358695652
0.00022594380822981366
0.00023655861801242237
0.0002676448466614907
0.00025627183618012425
0.00027029854910714287
0.00028280886063664594
0.0008245432598990684
0.008911891013198758
0.002049037388392857
0.0007635081036490684
0.00417086204386646
0.0008821665130046584
0.0007972480347437889
0.0008268178619953416
0.000697165542507764
0.0007782930172748447
0.0005072362674689441
0.0005242957831909938
0.0005303613887810559
0.0005800235345496895
0.0005387015964673913
0.0005773698321040373
0.0009333450601708075
0.006119816940023292
0.0018386366944875777
0.0005349105929736025
0.0006482615974378882
0.0005982203513198758
0.0004636397272903727
0.0005322568905279503
0.0005872264411878882
0.0007889078270574534
0.0005383224961180124
0.0005079944681677019
0.0005261912849378882
0.0005519701086956521
0.0004348281007375776
0.00038630325601708075
0.00047046353357919256
0.0038372537364130435
0.000860936893439441
0.0005280867866847826
0.0008878530182453416
0.0010076487286490683
0.00044999211471273294
0.00044089370632763975
0.0006452287946428571
0.0018678274213897515
0.00038630325601708075
0.00030328027950310557
0.0005872264411878882
0.0015596188373447205
0.0005095108695652174
0.0009754251989518634
0.0014572617430124223
0.009733401470302796
0.0022275936529503105
0.0021532899844720495
0.002255267978454969
0.0029319621020962735
0.002653702445652174
0.0036151009316770185
0.002984657050659938
0.004307717269992236
0.0012764308763586957
0.0013348123301630435
0.0016684206376164597
0.002919830890916149
0.0016972322641692547
0.0025297366314052795
0.0038474894458462735
0.042865634704968944
0.03172084263392857
0.030548285253299688
0.03174700055803571
0.032858901882763976
0.03299499890819099
0.03080266158773292
0.03184101744468168
0.03731977569390528
0.029585749466226708
0.029281710986024844
0.029471261160714284
0.03433246494079969
0.029508792095302796
0.032414975373641304
0.03522145526009317
