0.2435116297282481
0.01270263920432297
0.007533871094055917
0.002881979794815569
0.020103375362205342
0.003813924348030386
0.002482574986294933
0.0020126869762706555
0.006844702012686976
0.0029759573968204246
0.009139321794972198
0.00755736549455713
0.00567781345446002
0.003430182473177226
0.0027801707259769754
0.002114496045109249
0.0048633409037512725
0.0019656981752682275
0.0010494165557208865
0.0017072597697548751
0.00975017620800376
0.0018169003054272065
0.001135562690892004
0.0008301354843762237
0.006312162267992795
0.0027880021928107135
0.009061007126634818
0.006758555877515859
0.004291643824888402
0.0018795520400971101
0.0026626987234709062
0.0021536533792779386
0.037379591197431276
0.0010885738898895763
0.0028898112616493068
0.008082073772417573
0.005121779309264625
0.002881979794815569
0.0015584618999138539
0.0016446080350849715
0.011731537316939463
0.0013861696295716188
0.005160936643433315
0.0017307541702560889
0.004252486490719712
0.0016602709687524473
0.005074790508262197
0.0020518443104393454
0.00759652282872582
0.005450700916281619
0.006273004933824105
0.003226564335500039
0.005059127574594722
0.002850653927480617
0.003250058736001253
0.0023964288511238154
0.0025922155219672643
0.0055525099851202134
0.0027410133918082855
0.0018638891064296343
0.004792857702247631
0.0016994283029211372
0.0035398230088495575
0.0013705066959041428
0.011222491972746496
0.0030151147309891145
0.0010885738898895763
0.0015819563004150676
0.0020753387109405594
0.00464405983240661
0.0035319915420158198
0.0015976192340825437
0.0014958101652439502
0.0014488213642415225
0.0009162816195473412
0.001550630433080116
0.0014644842979089983
0.0014723157647427362
0.0011825514918944319
0.0013000234944005012
0.003242227269167515
0.005113947842430887
0.005192262510768267
0.001174720025060694
0.004017542485707573
0.000955438953716031
0.001347012295402929
0.0013078549612342391
0.0035319915420158198
0.0010024277547184587
0.0011198997572245282
0.0012217088260631217
0.007408567624716109
0.0012060458923956457
0.0014253269637403085
0.002349440050121388
0.004025373952541311
0.0016289451014174954
0.0010964053567233142
0.0013235178949017152
0.003077766465659018
0.0020126869762706555
0.0012843605607330253
0.0012138773592293836
0.003038609131490328
0.0018482261727621584
0.001315686428067977
0.001910877907432062
0.008990523925131177
0.0011982144255619077
0.0016681024355861853
0.0016367765682512336
0.0025452267209648367
0.0015662933667475918
0.0017777429712585167
0.0018952149737645862
0.004033205419375049
0.0014879786984102123
0.001143394157725742
0.00111206829039079
0.0031404182003289217
0.0012608661602318114
0.0011825514918944319
0.0011277312240582662
0.0012921920275667633
0.0011903829587281698
0.0045500822304017545
0.001746417103923565
0.00444827316156316
0.0021536533792779386
0.0008301354843762237
0.0010964053567233142
0.0008849557522123894
0.0008457984180436996
0.0009241130863810792
0.0009006186858798653
0.0012060458923956457
0.0010807424230558384
0.005489858250450309
0.0010572480225546244
0.0017542485707573029
0.0023651029837888637
0.0013705066959041428
0.00464405983240661
0.0049573185057561284
0.001143394157725742
0.002145821912444201
0.0009867648210509828
0.0017307541702560889
0.0010024277547184587
0.0013705066959041428
0.0010337536220534106
0.0020205184431043932
0.000955438953716031
0.0013313493617354531
0.0008301354843762237
0.0019656981752682275
0.0008849557522123894
0.001174720025060694
0.0016602709687524473
0.0031482496671626594
0.002921137128984259
0.006429634270498865
0.0031090923329939696
0.002466912052627457
0.0033596992716735845
0.0019030464405983241
0.0016524395019187094
0.0024434176521262434
0.0017542485707573029
0.0009476074868822931
0.0018795520400971101
0.0040018795520400975
0.0024120917847912913
0.002184979246612891
0.002694024590805858
0.0017777429712585167
0.0011277312240582662
0.002247630981282794
0.002905474195316783
0.002795833659644451
0.001926540841099538
0.0016681024355861853
0.0022084736471141043
0.001550630433080116
0.0017699115044247787
0.0012217088260631217
0.0010807424230558384
0.001339180828569191
0.0009241130863810792
0.0009397760200485551
0.0009945962878847208
0.0019187093742658
0.0010807424230558384
0.0008849557522123894
0.0011277312240582662
0.0016446080350849715
0.0011982144255619077
0.0018717205732633722
0.0019422037747670138
0.0012530346933980734
0.0012452032265643355
0.0010337536220534106
0.0009711018873835069
0.0012765290938992874
0.0010415850888871485
0.000955438953716031
0.0010024277547184587
0.0017620800375910408
0.0009945962878847208
0.0012138773592293836
0.0010102592215521966
0.0016132821677500196
0.0010337536220534106
0.0011668885582269558
0.0014096640300728326
0.0017542485707573029
0.000963270420549769
0.0013000234944005012
0.0009084501527136033
0.0016681024355861853
0.000978933354217245
0.0010259221552196727
0.000759652282872582
0.0021536533792779386
0.001354843762236667
0.0012452032265643355
0.0012765290938992874
0.0017934059049259927
0.0012843605607330253
0.0012138773592293836
0.001174720025060694
0.0021536533792779386
0.0010259221552196727
0.00115122562455948
0.0014331584305740466
0.001926540841099538
0.0010729109562221005
0.0010337536220534106
0.002529563787297361
0.0037199467460255304
0.0014096640300728326
0.0009945962878847208
0.0010102592215521966
0.0026235413893022164
0.003853081682199076
0.001519304565745164
0.0013313493617354531
0.0028114965933119275
0.0013626752290704048
0.0017934059049259927
0.003829587281697862
0.002921137128984259
0.004534419296734278
0.018286475056778134
0.06006735061477014
0.016260162601626018
0.0
0.0
0.0
0.0
0.0
0.0
0.0
0.0
0.0
0.0
0.0
0.0
0.0
0.0
0.0
0.0
0.0
0.0
0.0
0.0
0.0
0.0
0.0
0.0
0.0
0.0
0.0
0.0
0.0
0.0
0.0
0.00743140243902439
5.1606961382113824e-05
2.778836382113821e-05
0.00039697662601626015
5.557672764227642e-05
1.1909298780487805e-05
1.1909298780487805e-05
3.1758130081300816e-05
1.1909298780487805e-05
1.5879065040650408e-05
3.969766260162602e-06
2.778836382113821e-05
1.1909298780487805e-05
3.969766260162602e-06
1.9848831300813008e-05
1.5879065040650408e-05
0.0
0.0
0.0
0.0
0.0
0.0
0.0
0.0
0.0
0.0
0.0
0.0
0.0
0.0
0.0
0.0
0.0
0.0
0.0
0.0
0.0
0.0
0.0
0.0
0.0
0.0
0.0
0.0
0.0
0.0
0.0
0.0
0.0
0.0
0.0
0.0
0.0
0.0
0.0
0.0
0.0
0.0
0.0
0.0
0.0
0.0
0.0
0.0
0.006272230691056911
0.0002103976117886179
0.0002421557418699187
7.939532520325203e-05
0.0004207952235772358
4.366742886178862e-05
0.00010321392276422765
8.336509146341464e-05
9.527439024390244e-05
6.351626016260163e-05
3.9697662601626015e-05
1.9848831300813008e-05
4.763719512195122e-05
1.9848831300813008e-05
1.5879065040650408e-05
0.0003731580284552846
0.005899072662601626
0.00015482088414634147
0.00017069994918699188
0.00011909298780487805
0.0002262766768292683
0.00018260924796747967
0.0001865790142276423
0.0002143673780487805
0.0002858231707317073
4.763719512195122e-05
8.733485772357724e-05
6.748602642276423e-05
0.00014291158536585365
6.748602642276423e-05
0.00012703252032520327
0.00015085111788617887
0.0
0.0
0.0
0.0
0.0
0.0
0.0
0.0
0.0
0.0
0.0
0.0
0.0
0.0
0.0
0.0
0.044719416920731704
0.007899834857723578
0.013866393546747968
0.008201537093495935
0.0014886623475609756
0.0011393229166666667
0.0033147548272357726
0.0020444296239837396
0.00032155106707317075
0.00036918826219512195
0.002092066819105691
0.0012703252032520325
0.0003056720020325203
0.00017863948170731707
0.0005200393800813008
0.01795922256097561
0.11661585365853659
0.016903264735772357
0.03527931275406504
0.017423304115853657
0.007363916412601626
0.009789443597560975
0.009229706554878049
0.006955030487804878
0.004358803353658537
0.004573170731707317
0.010809673526422764
0.004676384654471545
0.0017466971544715447
0.001206808943089431
0.0032631478658536584
0.034358326981707314
0.07069756732723577
0.01329077743902439
0.01915015243902439
0.007490948932926829
0.003977705792682927
0.009579045985772357
0.006653328252032521
0.003961826727642276
0.0033425431910569106
0.004231770833333333
0.007153518800813008
0.0036561547256097563
0.0014251460873983739
0.0015323297764227642
0.0024056783536585366
0.02844337525406504
0.028693470528455285
0.002758987550813008
0.006133288871951219
0.0036918826219512193
0.007149549034552846
0.0014688135162601627
0.0038427337398373985
0.0028145642784552847
0.002052369156504065
0.0018181529471544716
0.003406059451219512
0.002699441056910569
0.0025247713414634147
0.0022190993394308944
0.0019888528963414634
0.008038776676829269
0.0062444423272357726
0.0005438579776422764
0.0022627667682926828
0.0029217479674796746
0.0010996252540650406
0.0007939532520325203
0.0010837461890243903
0.0009289253048780487
0.001623634400406504
0.0013378112296747967
0.0016196646341463414
0.0011710810467479675
0.001155201981707317
0.0014291158536585366
0.0013100228658536586
0.0069947281504065045
0.005287728658536586
0.0010599275914634147
0.0014489646849593495
0.0018300622459349594
0.001385448424796748
0.0011671112804878048
0.0014092670223577236
0.0012663554369918698
0.0015283600101626015
0.0009567136686991869
0.0007224974593495935
0.0006589811991869919
0.000996411331300813
0.0007939532520325203
0.001036108993902439
0.002842352642276423
0.024640339176829267
0.016915174034552845
0.016379255589430895
0.012866012449186991
0.016911204268292682
0.018002889989837397
0.011937087144308942
0.013147865853658536
0.017848069105691058
0.012111756859756097
0.017967162093495935
0.012568279979674796
0.012361852134146341
0.012377731199186991
0.013445598323170731
0.014422160823170731
