0.1864077220357045
0.017315728265836876
0.006361660393362668
0.007652446655665736
0.006375081617821239
0.005440964395504695
0.0035408545427825016
0.003452274461355933
0.00875130940821124
0.0029140833605672345
0.0031757972375093695
0.0035911841345021432
0.003059032584719802
0.0036623166241325695
0.0023517340557531086
0.014332861129919466
0.007701769655550985
0.003009374054223089
0.001792404526442161
0.001552835669856668
0.00258962525928128
0.0036183621140307492
0.0017323445469900555
0.0013696359559971735
0.00445886629574876
0.0022691935253328966
0.001720600975588806
0.0014880782618440628
0.0014914335679587056
0.0011736860789020366
0.0012478383440356414
0.0021554486480465074
0.010984265627505995
0.002488630545230533
0.0012209958951184994
0.0019880188729258334
0.01889406426216483
0.001502841608748491
0.0014887493230669913
0.001226699915513392
0.005671809456192117
0.003399931685967506
0.00177193715914284
0.0032301531965665824
0.0010485331608258617
0.0019038006894483005
0.0011035601811060028
0.00076668744719587
0.005447675007733981
0.001254548956264927
0.0015790070575508815
0.007112913432431181
0.0016803373022130927
0.0013833927110672088
0.001115974813730181
0.0007036076922405862
0.0035965526242855714
0.001629672179881987
0.000966328161017114
0.003105671339713336
0.0011387908953097519
0.0010310855690297193
0.0008257408348135826
0.001549144833130561
0.011394619565326803
0.014699931618861383
0.0023188520558296093
0.003330812380005865
0.011386902361263124
0.00662236767847041
0.0014867361393982057
0.0017575093428498763
0.05530785940193682
0.008769763591841775
0.001304543017373104
0.0017377130367734839
0.011453672952944517
0.004113269765940556
0.001342457976468567
0.0014280182823919576
0.004222317214666446
0.0009441831406604719
0.001267970180723498
0.002417833586211571
0.002898313421828414
0.0018393788120471596
0.0018246154651427313
0.002819799258745773
0.00225375911720554
0.0007901745899983693
0.0005660401415402332
0.0014723083231052419
0.0040837430721317
0.001349504119309317
0.0015880663840604169
0.004688033703378861
0.002698001646784241
0.002887576442261557
0.0010840994056410748
0.0033885236451777203
0.0029795118298027684
0.004859489845837105
0.003234515094515618
0.0018309905467605526
0.0023889779536256433
0.0033120226657638654
0.0005955668353490894
0.0010924876709276817
0.0033586614207574
0.001653830383907415
0.0029761565236881256
0.0030825197275223012
0.00388443788892192
0.0006690480392597658
0.003704257950565604
0.0037096264403490326
0.011157734953633024
0.0057271720070837225
0.0013625898131564237
0.0011522121197683228
0.002185981933689756
0.0015870597922260242
0.0006052972230815534
0.0008243987123677254
0.002141020831753543
0.0009542490590044001
0.0010941653239850031
0.0011686531197300724
0.003665000869024284
0.002051769689104046
0.0009421699569916862
0.009899159630030527
0.0040612625211635936
0.00866105167372735
0.0008804323244822595
0.0010971850994881817
0.002808391217955988
0.013274933111972604
0.0009482095079980431
0.03922352848017383
0.001203548303322357
0.012113661665694747
0.0007868192838837265
0.0008505701000619389
0.0020745857706836166
0.0005341647334511269
0.0006066393455274105
0.0006123433659223032
0.001158587201386144
0.000655962345412659
0.000564698019094376
0.0006120078353108389
0.001395807343691387
0.0005781192435529471
0.0005170526722664489
0.0004962497743556638
0.0008743927734759026
0.0004865193866231998
0.0005039669784193421
0.0005663756721516974
0.0019121889547349072
0.0008455371408899749
0.0008327869776543323
0.0008495635082275461
0.0009636439161253999
0.0007958786103932621
0.0008146683246352614
0.0008492279776160819
0.001841056465104481
0.0008475503245587605
0.0008277540184823682
0.0008294316715396896
0.0011045667729403957
0.0007784310185971197
0.0007975562634505833
0.0012045548951567498
0.001754825097958162
0.0005402042844574839
0.0005217501008269488
0.0005861719782280897
0.0007395094676672637
0.0005136973661518062
0.0028721420341342
0.0009549201202273287
0.004808153662283071
0.001602494200353381
0.002167192219447757
0.0007831284471576195
0.0008099708960747616
0.0006489162025719093
0.0007619900186353702
0.0007556149370175489
0.01071315689344286
0.007285711697335283
0.00245306430041532
0.005400029660906054
0.0040891115619151285
0.0013347407724048888
0.002537282483892853
0.00454442660167215
0.00416225723521434
0.002676192157039063
0.0015327038331688116
0.002587947606223959
0.016759418512029108
0.0012897796704686758
0.0020762634237409382
0.0023718658924409652
0.003275785359725724
0.0015853821391687028
0.0019303076077539782
0.0013216550785577822
0.0008680176918580812
0.0009643149773483284
0.0012162984665579995
0.0012565621399337125
0.0022467129743647903
0.0013760110376149948
0.0009472029161636503
0.0012592463848254268
0.0006287843658840527
0.0005861719782280897
0.0006200605699859816
0.0007794376104315125
0.0042558702758128735
0.001317964241831675
0.0008918403652720449
0.0008015826307881547
0.0010361185282016835
0.0005945602435146965
0.0006677059168139086
0.0006871666922788367
0.015054923005790588
0.0032174030333309398
0.0010468555077685403
0.0032476007883627247
0.002038348464645475
0.0009418344263802219
0.0006727388759858728
0.0009659926304056498
0.0029070372177264847
0.001131744752469002
0.0013672872417169236
0.0011471791605963586
0.0010153156302908984
0.0008062800593486545
0.0020826385053587596
0.0017809964856523755
0.0036123225630243926
0.0019685580974609057
0.0016303432411049158
0.0013065562010418897
0.001463920057818635
0.0016159154248119518
0.0026228427898162435
0.02440683220852288
0.0
0.0
0.0
0.0
0.0
0.0
0.0
0.0
0.0
0.0
0.0
0.0
0.0
0.0
0.0
0.0
0.0022841289962186317
1.896726753179787e-05
1.9135119456858026e-05
4.53200197662427e-06
1.7288748281196287e-05
3.5248904262633206e-06
4.699853901684427e-06
6.714077002406325e-06
5.035557751804744e-06
3.6927423513234787e-06
4.867705826744586e-06
5.874817377105534e-06
7.553336627707116e-06
9.231855878308698e-06
4.867705826744586e-06
6.2105212272258504e-06
0.0006435442806806463
1.0238967428669645e-05
1.0406819353729804e-05
6.714077002406326e-07
9.567559728429013e-06
8.392596253007906e-07
3.357038501203163e-07
5.035557751804744e-07
1.0071115503609487e-06
3.357038501203163e-07
1.0071115503609487e-06
3.357038501203163e-07
8.392596253007906e-07
3.357038501203163e-07
6.714077002406326e-07
6.881928927466484e-06
0.0015131851044173255
5.807676607081471e-05
1.4770969405293915e-05
4.699853901684427e-06
4.213083319009969e-05
4.699853901684427e-06
5.3712616019250604e-06
8.05689240288759e-06
1.0238967428669645e-05
2.0142231007218974e-06
4.364150051564111e-06
6.2105212272258504e-06
2.0142231007218974e-06
1.3260302079752492e-05
1.4099561705053283e-05
1.5610229030594706e-05
0.0029100488247679615
8.207959135441732e-05
5.337691216913029e-05
2.6520604159504983e-05
9.970404348573393e-05
1.8631563681677552e-05
4.498431591612238e-05
5.220194869370918e-05
3.40739407872121e-05
1.5610229030594706e-05
8.392596253007907e-06
1.5778080955654863e-05
1.1581782829150912e-05
2.1820750257820555e-05
1.3260302079752492e-05
2.954193881058783e-05
0.014581800285751118
0.0004201333684255758
0.0008642695621347542
8.291885097971811e-05
0.0005001987366792713
0.00014049206127535234
0.00024120321631144724
0.00018933697146785838
0.00021300409290134066
0.00013377798427294604
0.00015005962100378138
0.00012924598229632176
0.00014653473057751805
0.00010390034161223788
7.872255285321416e-05
0.0005874817377105535
0.011500374645496735
0.00033738236937091786
0.0008038428691130973
0.00015811651340666896
0.0006413622056548643
0.00022240380070470952
0.0011276292325541424
0.0005957064820385012
0.0001723839270367824
0.00011648923599174974
0.00013596005929872808
0.00010238967428669646
0.00015022747292884153
0.0001221962014437951
0.00015811651340666896
0.0001559344383808869
0.021434355126332072
0.0004902954731007219
0.002277079215366105
0.00037498120058439326
0.002374769035751117
0.0006521047288587143
0.0024727945599862496
0.0015779759474905466
0.0004374221167067721
0.0003556782292024751
0.00026772382047095223
0.0002910552380543142
0.000298272870831901
0.0002581562607425232
0.00037951320256101754
0.00043389722628050874
0.01266342063423857
0.0007553336627707115
0.0013874640125472672
0.0007576835897215538
0.0024885726409419042
0.001913847649535923
0.004621467052681334
0.0025172753201271915
0.00020897564669989686
0.0001796015598143692
0.00013679931892402887
9.970404348573393e-05
0.0001487168056033001
0.00011598568021656926
0.00017590881746304572
0.0007051459371777243
0.01782251740288759
0.0007427447683911998
0.002722726076400825
0.0010713988376589894
0.003030566506961155
0.002259958319009969
0.008632960209694052
0.004545262278704022
0.00047048894594362326
0.00021871105835338605
0.0002012544581471296
0.0001691947404606394
0.00019521178884496392
0.00016936259238569954
0.000308847542110691
0.001096408774492953
0.017177798158731522
0.0021565615331729116
0.003132620477397731
0.00211224862495703
0.0024825299716397385
0.002097477655551736
0.006119713335768305
0.0035665177036782398
0.00035869956385355795
0.00028685893992781025
0.00029995139008250256
0.0003516497830010313
0.0005176553368855277
0.00046629264781711927
0.000769601076400825
0.0010739166165348918
0.019529403628824337
0.0037358802960639394
0.0042231544345135786
0.002609929582760399
0.003059269186146442
0.001591236249570299
0.002319210048556205
0.0018629885162426952
0.001908476387933998
0.0011069834457717428
0.005905366427466484
0.0010760986915606737
0.0023338131660364386
0.0013567471102612582
0.001908644239859058
0.0015057996197146786
0.02041029053154005
0.0033833912534376076
0.004827589216655208
0.003345456718374012
0.01200527323607769
0.0018017225635957373
0.0014334554400137504
0.0016085249978514953
0.007915225378136817
0.0011512963539876246
0.0011534784290134067
0.001903272978257133
0.0074742783710037815
0.002196342439412169
0.002582905422825713
0.002434860024922654
0.1156506477741492
0.022192877975678926
0.03203772908430732
0.018302238204709522
0.09787781454107941
0.019439602848917152
0.010481681312306635
0.020134845522516327
0.07878180458276039
0.005832854395840495
0.0049355180044688895
0.01293987275481265
0.051780808213733244
0.012141736851151599
0.025290753104589205
0.03354050736937092
0.016774282130886903
0.0034864523354245446
0.004834471145582674
0.0035161621261601923
0.012391836219491234
0.003425354234702647
0.0023907149686318322
0.0037897607640082504
0.010542947264953592
0.0014567868575971123
0.0013664825219147473
0.0023286097563595736
0.007344528832932279
0.0024378813595737365
0.004289120241062221
0.006596077099089034
0.00340756193064627
0.001509324510140942
0.0014992533946373324
0.0017612702496562392
0.0014942178368855276
0.0014608153037985563
0.0015331594834994845
0.00147558627320385
0.0014525905594706084
0.0013715180796665522
0.0014003886107768993
0.0014034099454279822
0.0014292591418872465
0.001452087003695428
0.0014695436039016843
0.0026933519895152975
