0.10150505514705882
0.003753063725490196
0.008501838235294117
0.003216911764705882
0.0049977022058823525
0.0025467218137254903
0.0014744178921568627
0.002776501225490196
0.004136029411764706
0.003867953431372549
0.004212622549019608
0.016620710784313725
0.030158547794117647
0.004653033088235294
0.001876531862745098
0.0017041973039215686
0.005763633578431373
0.002182904411764706
0.0018573835784313725
0.001991421568627451
0.009516697303921568
0.001723345588235294
0.002967984068627451
0.03753063725490196
0.0019339767156862746
0.0010340073529411765
0.0019339767156862746
0.0009765625
0.005993412990196079
0.0015510110294117646
0.0007276348039215686
0.0018190870098039216
0.0028722426470588237
0.0021254595588235292
0.0009957107843137254
0.0007276348039215686
0.002144607843137255
0.002585018382352941
0.002412683823529412
0.0031786151960784314
0.001129748774509804
0.0014552696078431373
0.0009765625
0.000861672794117647
0.001608455882352941
0.0012254901960784314
0.0010340073529411765
0.0012254901960784314
0.0047679227941176475
0.029354319852941176
0.0025467218137254903
0.002470128676470588
0.0028339460784313725
0.0027573529411764708
0.0016659007352941176
0.003446691176470588
0.005897671568627451
0.0040211397058823525
0.029450061274509803
0.002182904411764706
0.002240349264705882
0.0033126531862745097
0.0023935355392156864
0.001053155637254902
0.001206341911764706
0.0022212009803921568
0.006587009803921569
0.0015893075980392157
0.003944546568627451
0.0013978247549019608
0.0011488970588235295
0.0009191176470588235
0.0022212009803921568
0.004155177696078431
0.001723345588235294
0.0014744178921568627
0.006318933823529412
0.0036381740196078432
0.005553002450980392
0.001206341911764706
0.0023935355392156864
0.0015127144607843138
0.028760723039215685
0.003829656862745098
0.029450061274509803
0.0025084252450980394
0.002738204656862745
0.003389246323529412
0.0013595281862745097
0.004653033088235294
0.0023360906862745097
0.005457261029411764
0.003044577205882353
0.001838235294117647
0.002297794117647059
0.0025658700980392157
0.0010723039215686275
0.003714767156862745
0.0022020526960784314
0.0026041666666666665
0.03136488970588235
0.002355238970588235
0.005170036764705882
0.0029296875
0.0011680453431372549
0.0011871936274509803
0.001206341911764706
0.0012829350490196078
0.0012446384803921568
0.001129748774509804
0.001953125
0.002106311274509804
0.0024892769607843136
0.00547640931372549
0.0023935355392156864
0.004097732843137255
0.006510416666666667
0.002259497549019608
0.0014935661764705881
0.005591299019607843
0.0022020526960784314
0.005706188725490196
0.001799938725490196
0.0022020526960784314
0.0011871936274509803
0.005112591911764706
0.0014169730392156862
0.003159466911764706
0.0014744178921568627
0.004901960784313725
0.0007467830882352941
0.0004021139705882353
0.0014935661764705881
0.005591299019607843
0.0006510416666666666
0.0023743872549019606
0.0015701593137254903
0.004270067401960784
0.000899969362745098
0.0003829656862745098
0.003121170343137255
0.0016276041666666667
0.000938265931372549
0.0031977634803921568
0.004040287990196079
0.001876531862745098
0.001876531862745098
0.0013595281862745097
0.0015701593137254903
0.001799938725490196
0.0015893075980392157
0.0005170036764705882
0.0008233762254901961
0.000861672794117647
0.0005553002450980392
0.001053155637254902
0.008501838235294117
0.0003638174019607843
0.0032935049019607843
0.0003829656862745098
0.0006893382352941177
0.005131740196078431
0.0017424938725490197
0.0011680453431372549
0.0029296875
0.001608455882352941
0.0008233762254901961
0.0007467830882352941
0.0013595281862745097
0.000899969362745098
0.0023743872549019606
0.0013786764705882354
0.0025084252450980394
0.013939950980392158
0.0023360906862745097
0.0020488664215686275
0.002297794117647059
0.004691329656862745
0.003274356617647059
0.001091452205882353
0.003963694852941176
0.002470128676470588
0.0059742647058823525
0.001014859068627451
0.005629595588235294
0.002144607843137255
0.0062040441176470585
0.0009574142156862745
0.0026616115196078432
0.0008425245098039216
0.0007084865196078431
0.0006127450980392157
0.0008042279411764705
0.002106311274509804
0.0021637561274509805
0.0002680759803921569
0.0013978247549019608
0.002585018382352941
0.0016467524509803922
0.0007850796568627451
0.0022020526960784314
0.0026041666666666665
0.0013595281862745097
0.0022020526960784314
0.002297794117647059
0.002891390931372549
0.013595281862745098
0.0035424325980392157
0.0011871936274509803
0.0036381740196078432
0.0023169424019607843
0.0018190870098039216
0.001723345588235294
0.0007467830882352941
0.001014859068627451
0.0036381740196078432
0.0008425245098039216
0.006778492647058824
0.0008808210784313726
0.006376378676470588
0.003006280637254902
0.0016850490196078432
0.0007084865196078431
0.0025467218137254903
0.0016850490196078432
0.001014859068627451
0.0005935968137254901
0.0011106004901960784
0.0064912683823529415
0.001608455882352941
0.0009765625
0.0018956801470588235
0.0010340073529411765
0.0014744178921568627
0.0009957107843137254
0.0014169730392156862
0.0013978247549019608
0.0018573835784313725
0.0009191176470588235
0.0016467524509803922
0.005304074754901961
0.0037722120098039216
0.0034083946078431373
0.014112285539215686
0.027477787990196078
0.004155177696078431
0.0029296875
0.0026807598039215686
0.0035807291666666665
0.0016276041666666667
0.0012829350490196078
0.0034275428921568627
0.0028722426470588237
0.0010723039215686275
0.0009574142156862745
0.001838235294117647
0.0
0.0
0.0
0.0
0.0
0.0
0.0
0.0
0.0
0.0
0.0
0.0
0.0
0.0
0.0
0.0
0.0
0.0
0.0
0.0
0.0
0.0
0.0
0.0
0.0
0.0
0.0
0.0
0.0
0.0
0.0
0.0
0.0
0.0
0.0
0.0
0.0
0.0
0.0
0.0
0.0
0.0
0.0
0.0
0.0
0.0
0.0
0.0
0.017998046875
0.000126953125
7.8125e-05
0.000107421875
9.765625e-05
0.000185546875
0.0001171875
9.765625e-05
9.765625e-05
9.765625e-05
5.859375e-05
2.9296875e-05
0.000126953125
5.859375e-05
5.859375e-05
0.0006640625
0.0
0.0
0.0
0.0
0.0
0.0
0.0
0.0
0.0
0.0
0.0
0.0
0.0
0.0
0.0
0.0
0.031552734375
0.00025390625
0.0001953125
0.000634765625
0.0012890625
0.0005859375
0.00029296875
0.0003515625
0.000361328125
0.00021484375
0.00013671875
0.000107421875
0.000244140625
0.00015625
0.000146484375
0.0034765625
0.014541015625
5.859375e-05
6.8359375e-05
0.000517578125
0.00115234375
0.0003515625
0.000146484375
0.000146484375
0.000244140625
0.00134765625
0.0
6.8359375e-05
3.90625e-05
5.859375e-05
3.90625e-05
0.001220703125
0.0
0.0
0.0
0.0
0.0
0.0
0.0
0.0
0.0
0.0
0.0
0.0
0.0
0.0
0.0
0.0
0.0
0.0
0.0
0.0
0.0
0.0
0.0
0.0
0.0
0.0
0.0
0.0
0.0
0.0
0.0
0.0
0.00068359375
0.0093359375
0.001240234375
0.00880859375
0.000185546875
0.009931640625
0.008837890625
0.00048828125
7.8125e-05
1.953125e-05
8.7890625e-05
4.8828125e-05
4.8828125e-05
8.7890625e-05
5.859375e-05
5.859375e-05
0.0005078125
0.00453125
0.000927734375
0.004130859375
0.000166015625
0.00486328125
0.00419921875
0.000400390625
3.90625e-05
0.0
5.859375e-05
3.90625e-05
1.953125e-05
5.859375e-05
2.9296875e-05
2.9296875e-05
0.02384765625
0.022568359375
0.005185546875
0.012705078125
0.01314453125
0.011416015625
0.0093359375
0.008994140625
0.001484375
0.00123046875
0.000703125
0.001025390625
0.000859375
0.003486328125
0.000927734375
0.0030859375
0.017822265625
0.00826171875
0.00302734375
0.0099609375
0.003876953125
0.01087890625
0.006953125
0.00697265625
0.00044921875
0.00228515625
0.00212890625
0.002138671875
0.000390625
0.000615234375
0.0005859375
0.00365234375
0.0012109375
0.008642578125
0.000859375
0.00595703125
0.002470703125
0.006376953125
0.00572265625
0.001328125
0.000791015625
0.00158203125
0.000576171875
0.000703125
0.0008203125
0.001240234375
0.00119140625
0.00052734375
0.00373046875
0.003232421875
0.000908203125
0.004482421875
0.001357421875
0.005205078125
0.003271484375
0.002119140625
0.00111328125
0.002392578125
0.002138671875
0.002265625
0.001806640625
0.00140625
0.00125
0.0033203125
0.0714453125
0.023876953125
0.014384765625
0.05498046875
0.022314453125
0.050185546875
0.024677734375
0.033076171875
0.02955078125
0.020537109375
0.036611328125
0.0388671875
0.03884765625
0.03244140625
0.022294921875
0.065908203125
