0.3844066559228383
0.0041425334431950366
0.003967592816983327
0.002904317322605661
0.003686627568825126
0.0027308913338503294
0.0027271047402093835
0.003184525252035673
0.004850626454051958
0.004198575029081039
0.002035672741372625
0.0025112689026754557
0.0032966084238076772
0.0023984284121752616
0.0023423868262892594
0.00425537393369523
0.006228189220628151
0.0019925055738658393
0.002080354546335789
0.002035672741372625
0.0023764661690577745
0.002502181077937185
0.0020932289647150057
0.0020341581039162466
0.00264304236138038
0.0021613876502520357
0.0020826265025203567
0.0021636596064366033
0.002248479303993796
0.0021295802636680885
0.004168282279953471
0.0020068946297014346
0.0033609805157037613
0.0019455518127181079
0.00205006179720822
0.002027342235362544
0.003337503635129895
0.0019925055738658393
0.0019993214424195425
0.0019167737010469174
0.0023628344319503686
0.0020031080360604888
0.002028856872818922
0.0022371195230709577
0.002358290519581233
0.002083383821248546
0.0020038653547886777
0.001946309131446297
0.0027573974893369524
0.0024241772489336953
0.002464315141527724
0.0029739906455990696
0.002447654129507561
0.00246810173516867
0.0022886171965878247
0.002395399137262505
0.0026468289550213263
0.002309822120977123
0.002661218010856921
0.0026937827161690577
0.0027202888716556803
0.002980049195424583
0.00262335207444746
0.0026544021423032184
0.0026528875048468397
0.002350717332299341
0.002078839908879411
0.0020644508530438155
0.0025544360701822413
0.003958504992245056
0.0022568098100038776
0.0022848306029468785
0.0027180169154711127
0.002647586273749515
0.0020818691837921673
0.0021954669930205504
0.0023151233520744474
0.0032178472760759982
0.0023567758821248547
0.0020508191159364095
0.002945212533927879
0.0021469985944164403
0.0020705094028693294
0.0024908212970143465
0.002375708850329585
0.0026468289550213263
0.0027331632900348974
0.0023454161012020163
0.0021576010566110894
0.002251508578906553
0.0020174970918960837
0.0020674801279565724
0.0021326095385808454
0.0025521641139976737
0.002227274379604498
0.0021265509887553316
0.002179563299728577
0.002175776706087631
0.0019061712388522684
0.002216671917409849
0.002423419930205506
0.0025498921578131057
0.0026695485168670026
0.001942522537805351
0.00246810173516867
0.0023999430496316402
0.0024075162369135324
0.002015225135711516
0.002255295172547499
0.001997806804963164
0.002415846742923614
0.002343901463745638
0.0024491687669639397
0.0020311288290034897
0.0024082735556417217
0.0022848306029468785
0.0035101723051570374
0.0036237701143854205
0.0022878598778596354
0.002248479303993796
0.0023083074835207446
0.002231818291973633
0.0022333329294300115
0.0020440032473827063
0.002180320618456766
0.002107618020550601
0.002134881494765413
0.002203797499030632
0.002624866711903839
0.0021810779371849555
0.0019917482551376504
0.003953203761147731
0.0023741942128732065
0.0035033564366033347
0.0022568098100038776
0.002062936215587437
0.0021333668573090343
0.0040940650445909265
0.002154571781698333
0.007510329827452501
0.0020326434664598683
0.0030497225184179916
0.0018660333462582395
0.0018584601589763474
0.0023635917506785575
0.001977359199302055
0.0020023507173322994
0.002027342235362544
0.002140940044590927
0.0020712667215975183
0.0022333329294300115
0.0018440711031407523
0.002063693534315626
0.001971300649476541
0.0020197690480806513
0.0018667906649864289
0.0021462412756882514
0.001871334577355564
0.0019796311554866226
0.0021068607018224117
0.002240906116711904
0.0020682374466847613
0.002056120347033734
0.0019872043427685148
0.002062936215587437
0.00190465660139589
0.0019902336176812717
0.001953125
0.002189408443195037
0.0017978746607212098
0.002125036351298953
0.0020780825901512215
0.0022189438735944166
0.001898598051570376
0.0019675140558355953
0.002025827597906165
0.0022356048856145795
0.002039459335013571
0.001909200513765025
0.001840284509499806
0.002034915422644436
0.002083383821248546
0.002165174243892982
0.00205006179720822
0.002115191207832493
0.001959183549825514
0.002009166585886002
0.0020341581039162466
0.0021576010566110894
0.0018864809519193485
0.0021538144629701435
0.0021371534509499806
0.003466247818922063
0.0027308913338503294
0.0023847966750678556
0.002624866711903839
0.0027377072024040326
0.0020371873788290035
0.0021750193873594417
0.0026415277239240018
0.0023810100814269097
0.0025930593253198912
0.002010681223342381
0.0021053460643660335
0.0035480382415664985
0.0019167737010469174
0.0021235217138425746
0.0020477898410236526
0.0023219392206281506
0.0020962582396277627
0.002285587921675068
0.0020614215781310586
0.0023045208898797983
0.0021061033830942224
0.001928890800697945
0.001932677394338891
0.002065208171772005
0.001980388474214812
0.0019402505816207834
0.0021598730127956574
0.002210613367584335
0.0020432459286545174
0.002103074108181466
0.0019281334819697556
0.0024840054284606438
0.002076567952694843
0.001887995589375727
0.0020992875145405196
0.0024150894241954245
0.0022477219852656068
0.0020099239046141915
0.002004622673516867
0.004031964908879411
0.0023052782086079877
0.0019440371752617294
0.002780117051182629
0.0026650046044978675
0.002036430060100814
0.002066722809228383
0.0021682035188057384
0.0026392557677394337
0.0019546396374563783
0.002086413096161303
0.0020780825901512215
0.002437051667312912
0.002153057144241954
0.0021598730127956574
0.0022227304672353624
0.002618808162078325
0.0021841072120977125
0.00197281528693292
0.002078839908879411
0.0029808065141527723
0.0020599069406746803
0.0025627665761923228
0.008410024476541295
0.34006211180124224
0.0
0.0
0.0
0.0
0.0
0.0
0.0
0.0
0.0
0.0
0.0
0.0
0.0
0.0
0.0
0.0022147042410714285
7.202906638198758e-06
7.202906638198758e-06
9.098408385093168e-06
8.719308035714285e-06
9.098408385093168e-06
8.340207686335404e-06
7.202906638198758e-06
4.928304541925466e-06
4.928304541925466e-06
8.340207686335404e-06
6.823806288819876e-06
1.2510311529503105e-05
4.928304541925466e-06
8.719308035714285e-06
6.444705939440994e-06
0.0007346964770962733
1.89550174689441e-06
2.653702445652174e-06
5.307404891304348e-06
4.170103843167702e-06
1.5164013975155278e-06
2.653702445652174e-06
2.274602096273292e-06
1.5164013975155278e-06
2.274602096273292e-06
3.79100349378882e-06
1.89550174689441e-06
4.549204192546584e-06
1.89550174689441e-06
3.411903144409938e-06
1.89550174689441e-06
0.0
0.0
0.0
0.0
0.0
0.0
0.0
0.0
0.0
0.0
0.0
0.0
0.0
0.0
0.0
0.0
0.0006763150232919255
7.202906638198758e-06
2.3504221661490684e-05
4.549204192546584e-06
5.6865052406832295e-06
7.961107336956522e-06
6.065605590062111e-06
4.549204192546584e-06
9.477508734472049e-06
3.411903144409938e-06
7.58200698757764e-06
5.307404891304348e-06
3.411903144409938e-06
5.307404891304348e-06
3.79100349378882e-06
2.274602096273292e-06
0.002467185073757764
0.0001686996554736025
6.672166149068323e-05
3.1844429347826086e-05
2.236692061335404e-05
2.0850519215838508e-05
2.3883322010869566e-05
3.487723214285714e-05
7.847377232142858e-05
2.1608719914596273e-05
4.018463703416149e-05
2.691612480590062e-05
1.9713218167701863e-05
2.502062305900621e-05
3.6772733889751554e-05
2.047141886645963e-05
0.003604865222243789
0.00011107640236801242
0.00015277744079968944
0.00010121979328416149
7.619917022515528e-05
7.089176533385094e-05
8.264387616459627e-05
4.5492041925465836e-05
4.245923913043478e-05
4.321743982919255e-05
4.852484472049689e-05
5.079944681677019e-05
7.127086568322981e-05
5.307404891304348e-05
4.9283045419254657e-05
5.459045031055901e-05
0.005600828561723602
0.00022366920613354037
0.00047728733986801244
0.00012927321913819875
0.0001239658142468944
9.287958559782609e-05
9.856609083850931e-05
0.0001266195166925466
0.00012510311529503106
0.00010538989712732919
0.00012775681774068322
0.00014178353066770187
0.00010008249223602484
9.856609083850931e-05
9.629148874223603e-05
9.591238839285714e-05
0.0004996542604813665
1.4784913625776398e-05
7.961107336956522e-06
1.2889411878881988e-05
9.477508734472049e-06
9.098408385093168e-06
1.4405813276397516e-05
5.724415275621118e-05
8.908858210403727e-05
8.719308035714285e-06
7.961107336956522e-06
8.719308035714285e-06
8.719308035714285e-06
8.719308035714285e-06
6.823806288819876e-06
1.2131211180124223e-05
0.0004716008346273292
2.6157924107142856e-05
1.933411781832298e-05
1.9713218167701863e-05
2.122961956521739e-05
1.668041537267081e-05
1.857591711956522e-05
2.5778823757763976e-05
2.0850519215838508e-05
2.31251213121118e-05
2.122961956521739e-05
1.9713218167701863e-05
1.554311432453416e-05
1.4784913625776398e-05
2.3883322010869566e-05
1.8196816770186336e-05
0.004871060389169255
0.0012066764120729813
0.0003055548815993789
0.0017658494274068323
0.0003389157123447205
0.0002543763344332298
0.00031237868788819875
0.0004814574437111801
0.0006660793138586956
0.00020471418866459628
0.0002168453998447205
0.0002422451232531056
0.00023693771836180125
0.00025513453513198756
0.0002646120438664596
0.0007995226368400621
0.008908858210403726
0.002052070191187888
0.0007680573078416149
0.004161005434782609
0.0008772382084627329
0.0007976271350931677
0.0008306088654891304
0.0007111922554347826
0.0007695737092391304
0.0005167137762034161
0.000536426994371118
0.000520504779697205
0.0005769907317546584
0.00054590450310559
0.0005641013198757764
0.000931449558423913
0.006461765455163043
0.0018644155182453415
0.0005735788286102485
0.0006793478260869565
0.0006406795904503105
0.00048297384510869563
0.0005659968216226708
0.0006581182065217391
0.0007991435364906832
0.0005743370293090062
0.0005345314926242236
0.0005531074097437889
0.0005690296244177019
0.00048828125
0.0003976762664984472
0.0004613651251940994
0.004083289863159938
0.0008188567546583851
0.0006300647806677019
0.0009617775863742236
0.0010463169642857143
0.0004678098311335404
0.000649019798136646
0.0008317461665372671
0.001776464237189441
0.0004295206958462733
0.0003908524602096273
0.0005883637422360249
0.0014944135772515528
0.0005697878251164596
0.0008825456133540373
0.0014599154454580745
0.009095754682647516
0.0022666409889363355
0.0021695912994953415
0.002428137737771739
0.003015743279309006
0.002483486388781056
0.0034156941479037265
0.002884574558423913
0.004145462320458075
0.0013086544060559005
0.0013223020186335403
0.001500479182841615
0.002842873519992236
0.0018484933035714285
0.002339049155667702
0.003516913941187888
0.04372695069875776
0.03219282256890528
0.030471706982725156
0.031056279721467392
0.033603454968944096
0.03259694354134317
0.030353048573369564
0.03243317219041149
0.037158658045419256
0.029455718046389752
0.029314313616071428
0.029166464479813664
0.033597768463703416
0.029570585452251552
0.032578746724572984
0.0352388938761646
