0.10870514652360283
0.00876715283207074
0.006044267112393174
0.005025206912355431
0.006906963578033591
0.00562370258539347
0.005116868411829725
0.0049928557948939155
0.008098563071199417
0.004583074973714717
0.005030598765265683
0.004329657886932845
0.006356994581187825
0.0045776831208044644
0.0037203785080742995
0.007111853988623191
0.006502574609764646
0.004469846062599412
0.004108591917612488
0.004545332003342949
0.00520852991130402
0.005300191410778314
0.003995363006497183
0.003963011889035667
0.0047717898255735585
0.004291914916561076
0.004081632653061225
0.0038767422424716255
0.004442886798048149
0.004108591917612488
0.0035424473620359635
0.004378184563125118
0.004653169061548001
0.003828215566279352
0.003936052624484404
0.003785080742997331
0.005418812174803871
0.004556115709163454
0.003925268918663899
0.003758121478446068
0.0039576200361254145
0.004690912031919769
0.003855174830830615
0.00421642897581754
0.004205645269997034
0.003952228183215162
0.004043889682689456
0.003714986655164047
0.005321758822419325
0.005656053702854986
0.0045345482975224435
0.004437494945137897
0.004388968268945623
0.004033105976868951
0.004227212681638045
0.004162510446715013
0.004604642385355727
0.0056884048203165016
0.004243388240368803
0.004367400857304612
0.004254171946189308
0.003838999272099857
0.003973795594856173
0.0037257703609845524
0.015706467527565847
0.01054107243954385
0.002447901221254684
0.00384439112501011
0.0026743590434852938
0.012083142371876096
0.0024155501037931683
0.001870972959857655
0.0023023211926778636
0.0023346723101393793
0.0018871485185884128
0.0018278381365756343
0.002517995309087968
0.002685142749305799
0.0026473997789340305
0.0024155501037931683
0.006880004313482328
0.001941067047690939
0.00250181975035721
0.004367400857304612
0.0029116005715364083
0.004399751974766128
0.0032566791577925756
0.0026581834847545357
0.00235623972178039
0.003030221335561966
0.0024802523387161997
0.0026581834847545357
0.0023993745450624107
0.0031434502466772705
0.0023616315746906426
0.0022376189577548323
0.0017146092254603294
0.008583829833122152
0.003892917801202383
0.004620817944086485
0.004707087590650527
0.009807780443749494
0.004388968268945623
0.004243388240368803
0.005019815059445178
0.006588844256328687
0.003963011889035667
0.003456177715471922
0.005618310732483218
0.0043566171514841075
0.006761383549456771
0.006853045048931065
0.004065457094330467
0.002011161135524223
0.007861321543148303
0.0067074650203542445
0.007661822985468956
0.006772167255277276
0.002544954573639231
0.002846898336613377
0.002464076779985442
0.0036287170086000053
0.0022591863693958427
0.001817054430755129
0.00200576928261397
0.0027606286900493356
0.001994985576793465
0.0021944841344728114
0.003456177715471922
0.0022052678402933166
0.001746960342921845
0.007969158601353355
0.002372415280511148
0.005057558029816947
0.00161216402016553
0.0016606906963578033
0.0024371175154341788
0.010325398323133745
0.0020704715175370015
0.0119914808724018
0.002183700428652306
0.00471247944356078
0.0016714744021783085
0.0016391232847167928
0.009974927883967326
0.0016768662550885611
0.0018278381365756343
0.0017361766371013399
0.0017146092254603294
0.0018655811069474024
0.0016606906963578033
0.0018925403714986654
0.0018116625778448765
0.0019033240773191707
0.001569029196883509
0.0017577440487423503
0.001833229989485887
0.001746960342921845
0.0016822581079988137
0.0016822581079988137
0.0017146092254603294
0.00250181975035721
0.0018278381365756343
0.0018925403714986654
0.0019356751947806864
0.0018116625778448765
0.0016013803143450247
0.0017038255196398242
0.001693041813819319
0.0016660825492680559
0.0017253929312808346
0.0017954870191141186
0.0017739196074731082
0.0016822581079988137
0.0016714744021783085
0.0015959884614347721
0.0018871485185884128
0.0016714744021783085
0.0017092173725500768
0.0016660825492680559
0.0018601892540371498
0.0019087159302294233
0.0026204405143827676
0.0021243900466395276
0.002102822634998517
0.002162133017011296
0.0018494055482166448
0.001914107783139676
0.002048904105895991
0.0018116625778448765
0.001914107783139676
0.0022052678402933166
0.004739438708112042
0.002593481249831505
0.0025826975440109996
0.0035154880974847006
0.003359124363087375
0.0016660825492680559
0.002517995309087968
0.003795864448817836
0.002544954573639231
0.0017685277545628555
0.0021297818995497804
0.0018386218423961395
0.0022484026635753375
0.0018547974011268974
0.0018440136953063921
0.0019895937238832125
0.0028738576011646403
0.002199875987383064
0.0020758633704472543
0.002092038929178012
0.0022106596932035694
0.001897932224408918
0.0019518507535114442
0.002048904105895991
0.0030733561588439868
0.0020273366942549806
0.0023885908392419055
0.0024586849270751892
0.0023184967514086217
0.002243010810665085
0.0018008788720243712
0.0019518507535114442
0.004523764591701939
0.0019033240773191707
0.0021944841344728114
0.002065079664626749
0.0024155501037931683
0.0026635753376647885
0.0018871485185884128
0.0018494055482166448
0.00498207208907341
0.003078748011754239
0.002453293074164937
0.0043404415927533494
0.0035694066265872268
0.001870972959857655
0.0021405656053702857
0.001968026312242202
0.0031973687757797967
0.0020003774297037177
0.00200576928261397
0.002189092281562559
0.0026635753376647885
0.0018763648127679076
0.0023184967514086217
0.003084139864664492
0.004453670503868654
0.002383198986331653
0.002313104898498369
0.002367023427600895
0.004335049739843097
0.0023993745450624107
0.002739061278408325
0.011177311082953657
0.0
0.0
0.0
0.0
0.0
0.0
0.0
0.0
0.0
0.0
0.0
0.0
0.0
0.0
0.0
0.0
0.0
0.0
0.0
0.0
0.0
0.0
0.0
0.0
0.0
0.0
0.0
0.0
0.0
0.0
0.0
0.0
0.0
0.0
0.0
0.0
0.0
0.0
0.0
0.0
0.0
0.0
0.0
0.0
0.0
0.0
0.0
0.0
0.01469455295138889
0.00018446180555555555
6.781684027777778e-05
8.138020833333333e-05
0.0003228081597222222
0.00020345052083333334
0.0005262586805555555
0.00010850694444444444
0.00010308159722222222
4.611545138888889e-05
2.170138888888889e-05
0.00010308159722222222
6.239149305555555e-05
3.526475694444444e-05
5.154079861111111e-05
5.425347222222222e-05
0.0
0.0
0.0
0.0
0.0
0.0
0.0
0.0
0.0
0.0
0.0
0.0
0.0
0.0
0.0
0.0
0.008116319444444445
5.425347222222222e-05
6.239149305555555e-05
0.00025499131944444446
0.0002414279513888889
8.951822916666666e-05
0.0173583984375
0.006787109375
0.00010036892361111111
4.0690104166666664e-05
2.170138888888889e-05
3.255208333333333e-05
6.239149305555555e-05
2.983940972222222e-05
2.712673611111111e-05
5.425347222222222e-05
0.016121419270833333
0.00016547309027777779
0.000390625
0.0007975260416666667
0.0009168836805555556
0.0007161458333333333
0.016059027777777776
0.008650716145833333
4.0690104166666664e-05
7.052951388888888e-05
3.7977430555555556e-05
7.866753472222223e-05
0.000146484375
7.32421875e-05
8.951822916666666e-05
8.951822916666666e-05
0.0028483072916666665
0.0
0.0
0.002069769965277778
8.138020833333333e-05
3.7977430555555556e-05
0.007977973090277778
0.0036512586805555556
0.0
0.0
0.0
0.0
0.0
0.0
0.0
0.0
0.00895724826388889
0.00023328993055555557
0.00020616319444444444
0.0009033203125
0.006062825520833333
0.003241644965277778
0.0003933376736111111
0.00029839409722222225
0.00010036892361111111
0.00010308159722222222
0.00010036892361111111
0.0001708984375
0.00043402777777777775
0.0007649739583333333
0.0001247829861111111
0.00012749565972222223
0.0084228515625
0.0008083767361111111
0.0002712673611111111
0.0017496744791666667
0.0040256076388888885
0.0008382161458333333
0.006380208333333333
0.002986653645833333
0.00015190972222222222
0.00020073784722222221
0.00017632378472222222
0.00018717447916666668
0.0005995008680555556
0.00042046440972222225
0.00017632378472222222
0.00038248697916666666
0.0052734375
0.00035264756944444444
0.00031195746527777775
0.00027940538194444443
0.0032063802083333332
0.00030381944444444445
0.001907009548611111
0.0009033203125
0.00026584201388888887
0.00022786458333333334
0.00023057725694444444
0.00022786458333333334
0.0002197265625
0.0002197265625
0.0016086154513888888
0.0011284722222222221
0.015196397569444445
0.0007975260416666667
0.0010579427083333333
0.0011827256944444444
0.00847439236111111
0.0008734809027777778
0.0020562065972222223
0.0015869140625
0.0012586805555555556
0.0007080078125
0.0005832248263888889
0.0007459852430555555
0.0008110894097222223
0.0035888671875
0.002685546875
0.002837456597222222
0.003567165798611111
0.00026312934027777776
0.0004069010416666667
0.0004557291666666667
0.0010172526041666667
0.00048014322916666664
0.0005018446180555555
0.0003607855902777778
0.0011854383680555555
0.0002414279513888889
0.00016276041666666666
0.00023057725694444444
0.0003363715277777778
8.951822916666666e-05
0.0010579427083333333
0.0007541232638888889
0.02609320746527778
0.005064561631944444
0.0024495442708333333
0.002997504340277778
0.010017903645833333
0.008154296875
0.002932400173611111
0.004150390625
0.017024739583333334
0.0038194444444444443
0.001003689236111111
0.0020616319444444445
0.006209309895833333
0.0027696397569444446
0.0066840277777777775
0.009678819444444445
0.026180013020833334
0.0051567925347222225
0.003244357638888889
0.0028564453125
0.011165364583333334
0.0096435546875
0.003814019097222222
0.005159505208333333
0.017754448784722224
0.005986870659722222
0.00126953125
0.002663845486111111
0.007052951388888889
0.0028700086805555558
0.006217447916666666
0.011187065972222222
0.058943684895833334
0.058558485243055555
0.05798611111111111
0.057831488715277775
0.024820963541666668
0.02505425347222222
0.02488064236111111
0.025130208333333334
0.025135633680555554
0.02488064236111111
0.02495388454861111
0.024913194444444446
0.025089518229166666
0.02479926215277778
0.02524956597222222
0.025105794270833332
