0.04138135723039216
0.008160998774509804
0.006707643995098039
0.009723498774509804
0.010052849264705883
0.005723422181372549
0.005893841911764706
0.007770373774509804
0.010504748774509805
0.004486443014705882
0.004639629289215686
0.00525045955882353
0.008821614583333333
0.004907705269607843
0.0045592064950980395
0.00931564031862745
0.009346277573529412
0.005099188112745098
0.0035232843137254903
0.004610906862745098
0.007069546568627451
0.004708563112745098
0.0034332873774509803
0.004411764705882353
0.0064587162990196074
0.0033815870098039217
0.002971813725490196
0.0038794424019607844
0.005752144607843138
0.0039043351715686275
0.002692248774509804
0.004641544117647059
0.007360600490196078
0.0035481770833333333
0.004231770833333333
0.0036075367647058825
0.007898667279411764
0.002334175857843137
0.002789905024509804
0.0032973345588235294
0.00459750306372549
0.0024260876225490197
0.0029296875
0.00440984987745098
0.003963694852941176
0.0019129136029411764
0.0031096813725490194
0.003094362745098039
0.005740655637254902
0.0027496936274509806
0.003006280637254902
0.005466835171568627
0.003540517769607843
0.0025333180147058825
0.002678844975490196
0.004120710784313726
0.003837316176470588
0.003010110294117647
0.0023667279411764704
0.006592754289215686
0.003257123161764706
0.0026845894607843137
0.0021522671568627453
0.003619025735294118
0.005600873161764706
0.004469209558823529
0.002835860906862745
0.0040460324754901964
0.00507046568627451
0.006424249387254902
0.0044921875
0.004120710784313726
0.0047679227941176475
0.002479702818627451
0.0018784466911764706
0.0022997089460784314
0.004302619485294118
0.005037913602941177
0.003553921568627451
0.003337545955882353
0.006619561887254902
0.0046932444852941175
0.0031058517156862743
0.004476868872549019
0.0038507199754901963
0.003988587622549019
0.004166666666666667
0.004877068014705882
0.003634344362745098
0.0025333180147058825
0.0012963388480392156
0.002121629901960784
0.0036151960784313727
0.004032628676470589
0.002950750612745098
0.0034064797794117647
0.004210707720588235
0.0035845588235294116
0.0025237438725490197
0.0025045955882352943
0.0032284007352941175
0.003483072916666667
0.003372012867647059
0.002347579656862745
0.004591758578431373
0.002144607843137255
0.004314108455882353
0.0015682444852941177
0.003331801470588235
0.001694623161764706
0.0027918198529411765
0.003519454656862745
0.004595588235294118
0.0016965379901960785
0.003111596200980392
0.003582643995098039
0.008333333333333333
0.007866115196078431
0.0031441482843137256
0.004689414828431372
0.0034026501225490197
0.001405484068627451
0.0019626991421568627
0.0024299172794117647
0.0035443474264705882
0.003446691176470588
0.003586473651960784
0.00487515318627451
0.007073376225490196
0.004760263480392156
0.003358609068627451
0.008869485294117647
0.004861749387254902
0.00537109375
0.0036209405637254903
0.002864583333333333
0.007741651348039216
0.009396063112745098
0.004633884803921569
0.019768688725490195
0.0027401194852941175
0.006089154411764706
0.003324142156862745
0.002904794730392157
0.0034888174019607845
0.002100566789215686
0.0016544117647058823
0.0017080269607843137
0.001838235294117647
0.001639093137254902
0.0016237745098039217
0.0016697303921568627
0.002437576593137255
0.0020833333333333333
0.001775045955882353
0.00225375306372549
0.002046951593137255
0.0017654718137254902
0.001642922794117647
0.0023897058823529414
0.002994791666666667
0.0023571537990196077
0.0023590686274509803
0.002211626838235294
0.0018880208333333333
0.0011871936274509803
0.002355238970588235
0.0015701593137254903
0.0030790441176470587
0.00166015625
0.002297794117647059
0.0018573835784313725
0.0021024816176470587
0.0010416666666666667
0.0024509803921568627
0.0021426930147058825
0.003525199142156863
0.0022671568627450982
0.0019205729166666666
0.0017463235294117648
0.001468673406862745
0.0013978247549019608
0.0013959099264705883
0.0016850490196078432
0.004226026348039215
0.0026520373774509805
0.0021254595588235292
0.003728170955882353
0.0021771599264705883
0.002131204044117647
0.002257582720588235
0.003911994485294118
0.0066253063725490195
0.005826822916666667
0.0037779564950980392
0.004842601102941177
0.0033088235294117647
0.002642463235294118
0.0026443780637254903
0.0046932444852941175
0.003647748161764706
0.0028588388480392155
0.002376302083333333
0.0017807904411764705
0.0026443780637254903
0.0016524969362745098
0.0023111979166666667
0.002548636642156863
0.0033949908088235295
0.002883731617647059
0.001970358455882353
0.002657781862745098
0.002259497549019608
0.0019799325980392156
0.001600796568627451
0.002225030637254902
0.004153262867647059
0.002301623774509804
0.0014916513480392156
0.002297794117647059
0.003486902573529412
0.0036496629901960785
0.0022097120098039215
0.003841145833333333
0.004628140318627451
0.0027094822303921568
0.0024758731617647058
0.0017501531862745099
0.002416513480392157
0.0013671875
0.0017348345588235293
0.002121629901960784
0.004245174632352941
0.002089077818627451
0.002412683823529412
0.005321308210784314
0.004149433210784314
0.0017482383578431373
0.0035098805147058825
0.003766467524509804
0.004557291666666667
0.0026979932598039215
0.0013556985294117647
0.0016563265931372549
0.002688419117647059
0.002039292279411765
0.0031690410539215686
0.003837316176470588
0.005757889093137255
0.001876531862745098
0.0026405484068627453
0.0034696691176470586
0.0037798713235294118
0.0034658394607843136
0.004419424019607843
0.03026577818627451
0.0
0.0
0.0
0.0
0.0
0.0
0.0
0.0
0.0
0.0
0.0
0.0
0.0
0.0
0.0
0.0
0.0
0.0
0.0
0.0
0.0
0.0
0.0
0.0
0.0
0.0
0.0
0.0
0.0
0.0
0.0
0.0
0.0
0.0
0.0
0.0
0.0
0.0
0.0
0.0
0.0
0.0
0.0
0.0
0.0
0.0
0.0
0.0
0.0
0.0
0.0
0.0
0.0
0.0
0.0
0.0
0.0
0.0
0.0
0.0
0.0
0.0
0.0
0.0
0.001696993185166994
4.508687377210216e-05
7.674361493123772e-06
6.715066306483301e-06
1.3430132612966601e-05
1.6308018172888016e-05
2.3023084479371316e-05
1.822660854616896e-05
4.124969302554027e-05
6.715066306483301e-06
8.633656679764243e-06
1.918590373280943e-05
1.0552247053045187e-05
6.715066306483301e-06
3.5493921905697446e-05
8.633656679764243e-06
0.0
0.0
0.0
0.0
0.0
0.0
0.0
0.0
0.0
0.0
0.0
0.0
0.0
0.0
0.0
0.0
0.0022073382244597248
8.345868123772102e-05
3.453462671905697e-05
9.592951866404715e-06
8.825515717092339e-05
8.154009086444007e-05
7.674361493123772e-05
2.9738150785854616e-05
0.0009564173010805501
5.755771119842829e-06
1.0552247053045187e-05
1.0552247053045187e-05
3.645321709233792e-05
4.7964759332023574e-06
4.124969302554027e-05
0.000252294634086444
0.0012547581041257368
4.0290397838899806e-05
9.592951866404715e-05
8.154009086444007e-05
4.796475933202357e-05
3.3575331532416506e-05
0.00025037604371316304
0.00013238273575638508
8.633656679764243e-06
2.8778855599214145e-06
2.8778855599214145e-06
5.755771119842829e-06
1.918590373280943e-06
0.0
2.8778855599214145e-06
2.8778855599214145e-06
0.005036299729862475
0.00028107348968565814
8.537727161100197e-05
6.139489194499017e-05
8.345868123772102e-05
0.00011703401277013752
0.00014773145874263262
0.00028395137524557957
0.0016384761787819253
7.674361493123772e-05
8.633656679764244e-05
0.00026380617632612964
0.0001381385068762279
0.0001275862598231827
0.00011031894646365422
0.0012854555500982317
0.004081801019155206
0.0002791548993123772
0.00018994044695481337
0.0001381385068762279
0.00021008564587426327
0.000252294634086444
0.00022351577848722987
0.00031177093565815323
0.0006398498894891945
0.0001381385068762279
6.810995825147347e-05
0.00012087119351669941
6.331348231827112e-05
2.1104494106090373e-05
5.5639120825147346e-05
0.0010648176571709234
0.0067985249877210215
0.0006743845162082515
0.000286829260805501
0.00024270168222003928
0.00030121868860510806
0.0004009853880157171
0.0003232824778978389
0.000622582576129666
0.0013900187254420433
0.00031848600196463656
0.00036261358055009825
0.0005170601055992141
0.0004806068885068762
0.0004690953462671906
0.00047005464145383105
0.004023284012770138
0.004770574963163065
0.0009401092829076621
0.0003136895260314342
0.000319445297151277
0.00046046168958742634
0.0004997927922396856
0.00043552001473477406
0.00019761480844793713
0.00020912635068762278
0.0003808401890962672
0.0005141822200392927
0.00029066644155206284
0.0008355461075638507
0.000722349275540275
0.0003837180746561886
0.004443455304518664
0.0031138721758349704
0.0013881001350687623
0.0010072599459724951
0.0008058079567779961
0.00027435842337917486
0.0003434276768172888
0.0003472648575638507
0.00032232318271119845
0.0005151415152259332
0.00015924300098231828
0.00011895260314341847
0.00020145198919449902
0.00014773145874263262
0.0002052891699410609
0.00022927154960707268
0.0006436870702357564
0.0035369213531434183
0.002056728880157171
0.0016327204076620825
0.001210630525540275
0.0003578171046168959
0.00041249693025540275
0.00046238027996070726
0.00046621746070726915
0.0008048486615913556
0.00028395137524557957
0.00023598661591355598
0.0004364793099214145
0.00031464882121807466
0.0004575838040275049
0.0004134562254420432
0.0006695880402750491
0.002628468811394892
0.0012537988089390962
0.001223101362966601
0.001181851669941061
0.0012892927308447938
0.0009688881385068762
0.0024001565569744597
0.0017372835830058938
0.00077319192043222
0.0004767697077603143
0.0003808401890962672
0.0005938037205304519
0.0006590357932220039
0.0005986001964636542
0.0005899665397838899
0.0009266791502946954
0.11160248342337918
0.06893974858791749
0.05669146764489195
0.05337806207023576
0.0616798026154224
0.05632693547396857
0.04450554088899804
0.057570182035854615
0.09058048870333989
0.030327158030451867
0.03182941429273085
0.036200922458251475
0.05159569161345776
0.03987214513752456
0.044199525724459725
0.06450396764489194
