0.1680664195195867
0.010822406842890495
0.005396791846067905
0.0051250307103808635
0.009948104603331683
0.0046583701743526116
0.00314309596324911
0.0036523049599152327
0.009920653983565314
0.003392896603123057
0.002375851140779131
0.0019270335075990178
0.005385811598161357
0.0018584069581830984
0.0016991933635381654
0.0065963839298581765
0.007693036189524569
0.001938013755505565
0.0018556618962064617
0.001443902599710945
0.004075044504317296
0.001913308197715834
0.0012544933233230072
0.0012188075176267292
0.003280349062080949
0.0014054717320380302
0.0014562553786058104
0.0013574331474468864
0.003572698162592766
0.0013190022797739717
0.0010650840469350698
0.0012476306683814153
0.0045828809699951
0.001017045462343926
0.001122730348444442
0.0009882223115892398
0.00866341559826567
0.0017115461424330309
0.0008894000804303159
0.0009264584171149124
0.002079384447302359
0.0010280257102504731
0.0009250858861265941
0.001762329789000811
0.0017842902848139053
0.001010182807402334
0.0010019476214724239
0.0010211630553088812
0.0034148570989361512
0.0012421405444281418
0.0011378281893159442
0.008292832231419705
0.0018021331876620444
0.0007960679732246655
0.0009141056382200469
0.0008784198325237689
0.001964091844283614
0.0010184179933322446
0.0012613559782645993
0.0031197629364476975
0.002315459777293122
0.001892720232891058
0.0014850785293604965
0.0012352778894865499
0.012204545548127112
0.00495758192980602
0.003897988006824224
0.0072236305915196804
0.0069340265529845
0.016668016322138515
0.004707781289932073
0.0021411483417766866
0.0059622746132550804
0.00425896365675196
0.001284689005066012
0.0015276269899983667
0.002379968733744086
0.003291329309987496
0.0015605677337180081
0.0018240936834751386
0.00847537885286605
0.002559770293213795
0.0024348699732768216
0.006932654021996182
0.0037374018811909726
0.008401262179496858
0.004788760618242858
0.003678383048693282
0.0019544841273653854
0.004456608119069809
0.002471928309961418
0.005061894284918217
0.0017774276298723134
0.0038005383066536183
0.004149161177686489
0.002788982968262966
0.0014329223518043978
0.0034464253116674743
0.0015248819280217298
0.002355263175954355
0.006365798723820687
0.0060816848092387805
0.0037374018811909726
0.0016360569380755195
0.005055031629976626
0.0031828993619103436
0.003668775331775053
0.0011007698526313478
0.0034272098778310167
0.0017911529397554972
0.0040160256718196055
0.004027005919726153
0.0026887882061157236
0.0007631272295050242
0.004323472613202924
0.0033448580185319134
0.011842197367211059
0.006553835469220307
0.0015633127956946448
0.0017417418241760354
0.00251310423961097
0.001383511236224936
0.0012352778894865499
0.001571547981624555
0.0024101644154870907
0.0022509508208421575
0.0018062507806269996
0.0016237041591806538
0.006061096844414005
0.002025855738757942
0.0010115553383906524
0.010045554303502287
0.003734656819214336
0.0054379677757174566
0.001104887445596303
0.001122730348444442
0.0026846706131507686
0.012543560702241755
0.001284689005066012
0.054632223459025145
0.0012064547387318637
0.007226375653496317
0.0009525365058929618
0.0011584161541407202
0.0037044611374713312
0.0007850877253181184
0.001012927869378971
0.0011927294288486799
0.0015509600167997793
0.0011392007203042626
0.0009237133551382756
0.0006890105561358312
0.0013670408643651152
0.0013341001206454738
0.0007878327872947551
0.0009827321876359663
0.001443902599710945
0.0008482241507807642
0.0008495966817690827
0.0008578318676989929
0.0015152742111035013
0.0027793752513447373
0.0007452843266568851
0.0012229251105916844
0.0012942967219842405
0.0011433183132692178
0.0006876380251475127
0.000776852539388208
0.001528999520986685
0.0008070482211312126
0.0010623389849584329
0.0007672448224699793
0.0012146899246617741
0.0007809701323531632
0.0007699898844466161
0.0009305760100798676
0.002054678889512628
0.0009058704522901366
0.001592135946449331
0.0010609664539701145
0.0013011593769258326
0.0008578318676989929
0.0024129094774637274
0.0016786053987133895
0.0025556527002488397
0.0015770381055778286
0.00230859712235153
0.0013491979615169762
0.0013505704925052945
0.0008990077973485447
0.0013999816080847566
0.001281943943089375
0.011202597926654689
0.0018707597370779638
0.0022152650151458795
0.01151828005396792
0.003442307718702519
0.0011680238710589487
0.004560920474182006
0.003944654060427049
0.0019709544992252063
0.00185703442719478
0.0010774368258299352
0.0012023371457669085
0.001994287526026619
0.000759009636540069
0.0011337105963509892
0.0009703794087411008
0.0027903554992512844
0.0010184179933322446
0.0027038860469872257
0.0018350739313816858
0.0017115461424330309
0.0008523417437457194
0.0018172310285335467
0.001401354139073075
0.0045389599783689115
0.0014178245109328956
0.0014342948827927163
0.0024170270704286824
0.0015262544590100484
0.001066456577923388
0.001052731268040204
0.0013080220318674245
0.0022372255109589737
0.0009278309481032308
0.0011556710921640833
0.0009031253903134998
0.0019956600570149373
0.0014507652546525368
0.0009113605762434101
0.0009333210720565044
0.020925607447902155
0.003523287047013304
0.0011639062780939937
0.005609534149257255
0.004441510278198306
0.0010595939229817962
0.0010870445427481638
0.001383511236224936
0.005459928271530551
0.0010650840469350698
0.0017527220720825825
0.0011199852864678052
0.0032432907253963526
0.0009292034790915492
0.0025831033200152077
0.0026421221525128984
0.006718539187818513
0.0021452659347416417
0.0034093669749828775
0.0029523141558728543
0.009482816598291748
0.0035013265512002095
0.005015228231315392
0.05206696304185808
0.011260040713028168
6.877200704225352e-07
0.0
6.877200704225352e-07
2.750880281690141e-06
0.0
0.0
1.3754401408450705e-06
1.3754401408450705e-06
0.0
6.877200704225352e-07
0.0
0.0
0.0
0.0
0.0
0.0
0.0
0.0
0.0
0.0
0.0
0.0
0.0
0.0
0.0
0.0
0.0
0.0
0.0
0.0
0.0
0.0
0.0
0.0
0.0
0.0
0.0
0.0
0.0
0.0
0.0
0.0
0.0
0.0
0.0
0.0
0.0
0.003719877860915493
4.126320422535211e-05
1.994388204225352e-05
5.708076584507042e-05
3.301056338028169e-05
0.00011278609154929577
2.131932218309859e-05
1.7880721830985915e-05
4.676496478873239e-05
1.581756161971831e-05
8.252640845070422e-06
3.920004401408451e-05
2.2007042253521128e-05
1.6505281690140843e-05
1.5129841549295775e-05
3.8512323943661975e-05
0.0
0.0
0.0
0.0
0.0
0.0
0.0
0.0
0.0
0.0
0.0
0.0
0.0
0.0
0.0
0.0
0.0
0.0
0.0
0.0
0.0
0.0
0.0
0.0
0.0
0.0
0.0
0.0
0.0
0.0
0.0
0.0
0.004179962588028169
0.00011966329225352113
5.157900528169014e-05
9.284220950704225e-05
0.00023932658450704226
7.633692781690142e-05
3.6449163732394365e-05
4.745268485915493e-05
7.908780809859155e-05
4.607724471830986e-05
4.951584507042254e-05
6.945972711267606e-05
6.46456866197183e-05
5.501760563380282e-05
7.152288732394366e-05
0.0003548635563380282
0.009741554797535211
0.00022419674295774648
0.0010233274647887323
9.490536971830985e-05
0.0004724636883802817
0.0001313545334507042
0.0028272172095070423
0.0014407735475352112
0.0001327299735915493
6.189480633802817e-05
6.602112676056337e-05
4.676496478873239e-05
8.59650088028169e-05
4.745268485915493e-05
8.183868838028169e-05
0.00042294784330985913
0.0051420829665492955
0.0001643650968309859
0.0001877475792253521
0.00010659661091549295
0.0002812775088028169
0.0002166318221830986
0.000322540713028169
0.0002537687059859155
0.00015267385563380283
8.59650088028169e-05
0.00010315801056338028
9.077904929577465e-05
0.00011691241197183098
0.00010590889084507042
0.0001313545334507042
0.0009889414612676056
0.008159110915492958
0.00039956536091549297
0.00020562830105633803
0.0003177266725352113
0.001395384022887324
0.0007571797975352112
0.001494415713028169
0.000868590448943662
0.0005274812940140845
0.00020975462147887323
0.0002668353873239437
0.0002186949823943662
0.00027783890845070423
0.00014717209507042253
0.00047934088908450705
0.0011766890404929578
0.013929082306338028
0.0007936289612676057
0.00042157240316901406
0.0006485200264084507
0.0028622909330985914
0.0010267660651408451
0.0046214788732394365
0.0024682273327464787
0.0010996643926056337
0.0006168849031690141
0.0004312004841549296
0.00043807768485915494
0.0007372359154929577
0.0002970950704225352
0.0007729973591549295
0.002638094190140845
0.02164392605633803
0.0013101067341549297
0.000868590448943662
0.0014744718309859155
0.005212230413732395
0.0017536861795774648
0.00600861025528169
0.003089238556338028
0.0017591879401408451
0.0013513699383802817
0.0009222326144366197
0.0009325484154929577
0.0012640294894366198
0.0007757482394366198
0.0012509628080985915
0.0039041868397887325
0.026780507262323942
0.002552129181338028
0.001972381161971831
0.002495048415492958
0.007144723811619718
0.0030562279929577463
0.006918463908450704
0.00409881161971831
0.003538319762323944
0.0017275528169014085
0.001574191241197183
0.0017777563820422534
0.002470978213028169
0.001494415713028169
0.0018032020246478873
0.00665162852112676
0.056124147227112675
0.009616389744718309
0.008170114436619719
0.007496148767605634
0.021793161311619718
0.016952987455985915
0.00858824823943662
0.010500110035211268
0.035064783230633806
0.0037590779049295774
0.002697925836267606
0.005336707746478873
0.012715256382042253
0.0056908835827464786
0.011229093309859155
0.025110035211267607
0.07598068882042254
0.015244690801056338
0.011936757262323943
0.014319019586267606
0.035923057878521125
0.03777027398767606
0.016409688600352114
0.018789200044014083
0.06439879511443662
0.006028554137323944
0.006398547535211268
0.00997194102112676
0.02758307658450704
0.01441530039612676
0.027970950704225353
0.05629607724471831
0.006474884463028169
0.005692259022887324
0.005536834286971831
0.005653746698943662
0.005601479973591549
0.005744525748239437
0.005463935959507042
0.005979038292253521
0.005665437940140845
0.005602855413732394
0.0055416483274647885
0.005713578345070422
0.005653058978873239
0.005903389084507042
0.006006547095070422
0.006724526848591549
