0.38441725838503293
0.00404256737107406
0.0035919627278014734
0.0027543682144241955
0.003918367099651028
0.002790719513377278
0.002649858229934083
0.00328449132415665
0.004531795269484296
0.004062257658006979
0.002063693534315626
0.002241663435440093
0.003287520599069407
0.002482490791004265
0.002178805981000388
0.004265219077161691
0.006051733956960062
0.002402215005816208
0.002100802151996898
0.0021068607018224117
0.0024044869620007754
0.002285587921675068
0.002107618020550601
0.0019099578324932144
0.0026331972179139203
0.0022083414113997675
0.002368892981775882
0.0021613876502520357
0.002508996946490888
0.002103074108181466
0.004169039598681659
0.0022977050213260956
0.0031193958414114
0.001959183549825514
0.0018993553702985654
0.001912229788677782
0.003346591459868166
0.0020947436021713844
0.001960698187281892
0.0021174631640170608
0.002415846742923614
0.002101559470725087
0.00206975208414114
0.0023461734199302056
0.0023022489336952307
0.0022939184276851493
0.0019841750678557583
0.0019167737010469174
0.002588515412950756
0.0023075501647925553
0.0023219392206281506
0.003205730176424971
0.0026172935246219463
0.0024113028305544786
0.002391612543621559
0.002317395308259015
0.0026907534412563008
0.0023567758821248547
0.002377980806514153
0.002743008433501357
0.0027861756010081427
0.0031012201919348586
0.0027377072024040326
0.002928551521907716
0.0025256579585110506
0.0021719901124466847
0.002248479303993796
0.002148513231872819
0.0027604267642497094
0.0041425334431950366
0.002334056320279178
0.0022666549534703373
0.0027074144532764637
0.002520356727413726
0.002076567952694843
0.001953125
0.002343901463745638
0.002917949059713067
0.0021507851880573866
0.0020402166537417605
0.0029088612349747966
0.002444624854594804
0.0020818691837921673
0.002296190383869717
0.002316637989530826
0.0026589460546723536
0.0024665870977122915
0.002544590926715781
0.0024075162369135324
0.0024423528984102365
0.0018478576967816984
0.0023969137747188833
0.0020818691837921673
0.0025347457832493214
0.002156086419154711
0.0022568098100038776
0.0020334007851880572
0.0023219392206281506
0.0022711988658394725
0.001977359199302055
0.0021780486622721986
0.0025347457832493214
0.00281798298759209
0.002100802151996898
0.002365863706863125
0.002323453858084529
0.0024453821733229934
0.001939493262892594
0.0024181186991081814
0.0019819031116711902
0.002352231969755719
0.002234090248158201
0.0023022489336952307
0.0019341920317952695
0.002347688057386584
0.002399185730903451
0.0034957832493214425
0.0032564705312136486
0.0021704754749903065
0.0020576349844901123
0.0023022489336952307
0.0021439693195036834
0.0020303715102753003
0.0019819031116711902
0.0023847966750678556
0.002227274379604498
0.0022492366227219855
0.0020818691837921673
0.002499151803024428
0.002128822944939899
0.001960698187281892
0.0038555096452113223
0.002396156455990694
0.003490482018224118
0.0022045548177588212
0.002154571781698333
0.0023090648022489335
0.003953961079875921
0.0023219392206281506
0.00764740451725475
0.0022749854594804188
0.0031625630089181854
0.002074295996510275
0.0021439693195036834
0.002141697363319116
0.001916016382318728
0.0022045548177588212
0.001936463987979837
0.00201143854207057
0.001877393127181078
0.00197281528693292
0.0017925734296238853
0.0021227643951143853
0.0018698199398991858
0.0019311627568825126
0.0018524016091508336
0.002138668088406359
0.0018963260953858085
0.0019379786254362155
0.0020576349844901123
0.0022090987301279564
0.0023113367584335015
0.001966756737107406
0.001925104207056999
0.0020614215781310586
0.0020235556417215975
0.002007651948429624
0.0018857236331911594
0.0022598390849166345
0.001863761390073672
0.001942522537805351
0.002010681223342381
0.0020387020162853818
0.0018599747964327259
0.002048547159751842
0.00208944237107406
0.0021825925746413338
0.0020689947654129507
0.002107618020550601
0.0017903014734393175
0.0019682713745637842
0.0019826604303993796
0.002334056320279178
0.002141697363319116
0.0021189778014734395
0.001997049486234975
0.0019213176134160528
0.001925861525785188
0.002241663435440093
0.001887995589375727
0.00202128368553703
0.001987961661496704
0.003435955069794494
0.003048207880961613
0.0023711649379604496
0.0026574314172159753
0.002673335110507949
0.002086413096161303
0.002125036351298953
0.00262335207444746
0.002505210352849942
0.0024703736913532378
0.0018895102268321055
0.001760766043039938
0.003772204585110508
0.0019705433307483523
0.0022734708220240405
0.0019387359441644049
0.002217429236138038
0.0021023167894532765
0.0022189438735944166
0.0019993214424195425
0.002355261244668476
0.0020811118650639784
0.0019478237689026755
0.002012195860798759
0.0022871025591314465
0.0023499600135711515
0.0019750872431174874
0.0019508530438154324
0.002415846742923614
0.00202128368553703
0.0019841750678557583
0.0021227643951143853
0.0025135408588600233
0.002062178896859248
0.001847100378053509
0.0019887189802248934
0.0021189778014734395
0.0022477219852656068
0.0019508530438154324
0.0017857575610701823
0.004247800746413339
0.002403729643272586
0.0021295802636680885
0.0027467950271423034
0.0028709952985653355
0.0020023507173322994
0.0018486150155098875
0.0022537805350911207
0.002596088600232648
0.0019819031116711902
0.002004622673516867
0.0024317504362155874
0.0024726456475378054
0.001987961661496704
0.002210613367584335
0.0021742620686312523
0.0026574314172159753
0.0024378089860411013
0.0021098899767351686
0.0020932289647150057
0.0028475184179914694
0.002156086419154711
0.0024802188348196975
0.00835701216556805
0.34006211180124224
0.0
0.0
0.0
0.0
0.0
0.0
0.0
0.0
0.0
0.0
0.0
0.0
0.0
0.0
0.0
0.0022147042410714285
7.202906638198758e-06
7.202906638198758e-06
9.098408385093168e-06
8.719308035714285e-06
9.098408385093168e-06
8.340207686335404e-06
7.202906638198758e-06
4.928304541925466e-06
4.928304541925466e-06
8.340207686335404e-06
6.823806288819876e-06
1.2510311529503105e-05
4.928304541925466e-06
8.719308035714285e-06
6.444705939440994e-06
0.0007346964770962733
1.89550174689441e-06
2.653702445652174e-06
5.307404891304348e-06
4.170103843167702e-06
1.5164013975155278e-06
2.653702445652174e-06
2.274602096273292e-06
1.5164013975155278e-06
2.274602096273292e-06
3.79100349378882e-06
1.89550174689441e-06
4.549204192546584e-06
1.89550174689441e-06
3.411903144409938e-06
1.89550174689441e-06
0.0
0.0
0.0
0.0
0.0
0.0
0.0
0.0
0.0
0.0
0.0
0.0
0.0
0.0
0.0
0.0
0.0006763150232919255
7.202906638198758e-06
2.3504221661490684e-05
4.549204192546584e-06
5.6865052406832295e-06
7.961107336956522e-06
6.065605590062111e-06
4.549204192546584e-06
9.477508734472049e-06
3.411903144409938e-06
7.58200698757764e-06
5.307404891304348e-06
3.411903144409938e-06
5.307404891304348e-06
3.79100349378882e-06
2.274602096273292e-06
0.002467185073757764
0.0001686996554736025
6.672166149068323e-05
3.1844429347826086e-05
2.236692061335404e-05
2.0850519215838508e-05
2.3883322010869566e-05
3.487723214285714e-05
7.847377232142858e-05
2.1608719914596273e-05
4.018463703416149e-05
2.691612480590062e-05
1.9713218167701863e-05
2.502062305900621e-05
3.6772733889751554e-05
2.047141886645963e-05
0.003604865222243789
0.00011107640236801242
0.00015277744079968944
0.00010121979328416149
7.619917022515528e-05
7.089176533385094e-05
8.264387616459627e-05
4.5492041925465836e-05
4.245923913043478e-05
4.321743982919255e-05
4.852484472049689e-05
5.079944681677019e-05
7.127086568322981e-05
5.307404891304348e-05
4.9283045419254657e-05
5.459045031055901e-05
0.005600828561723602
0.00022366920613354037
0.00047728733986801244
0.00012927321913819875
0.0001239658142468944
9.287958559782609e-05
9.856609083850931e-05
0.0001266195166925466
0.00012510311529503106
0.00010538989712732919
0.00012775681774068322
0.00014178353066770187
0.00010008249223602484
9.856609083850931e-05
9.629148874223603e-05
9.591238839285714e-05
0.0004996542604813665
1.4784913625776398e-05
7.961107336956522e-06
1.2889411878881988e-05
9.477508734472049e-06
9.098408385093168e-06
1.4405813276397516e-05
5.724415275621118e-05
8.908858210403727e-05
8.719308035714285e-06
7.961107336956522e-06
8.719308035714285e-06
8.719308035714285e-06
8.719308035714285e-06
6.823806288819876e-06
1.2131211180124223e-05
0.0
0.0
0.0
0.0
0.0
0.0
0.0
0.0
0.0
0.0
0.0
0.0
0.0
0.0
0.0
0.0
0.005336974718555901
0.0012328343361801242
0.00032716360151397513
0.001782529842779503
0.00036052443225931675
0.0002756059539984472
0.00033322920710403725
0.0005000333608307454
0.0006899626358695652
0.0002251856075310559
0.00023466311626552794
0.00025778823757763975
0.0002596837393245342
0.00027598505434782607
0.0002854625630822981
0.0008211313567546584
0.008901655303765528
0.0020581357967779505
0.0007699528095885094
0.004168587441770186
0.0008791337102096274
0.0008146866508152174
0.0008230268585015528
0.0006994401446040373
0.0007767766158773292
0.0004920722534937889
0.0005121645720108696
0.0005413552989130435
0.0005819190362965839
0.0005440090013586956
0.000565238620923913
0.0009401688664596274
0.00612398704386646
0.0018321919885481367
0.0005265703852872671
0.0006478824970885094
0.000591017444681677
0.0004685680318322981
0.0005303613887810559
0.0005902592439829193
0.0007881496263586956
0.0005478000048524845
0.0004920722534937889
0.0005239166828416149
0.0005614476174301242
0.0004613651251940994
0.0003741720448369565
0.00046818893148291925
0.003616996433423913
0.0008298506647903726
0.0005330150912267081
0.0007798094186723602
0.0009492672748447205
0.0004814574437111801
0.0005917756453804348
0.000703610248447205
0.0017548555172748447
0.00036431543575310557
0.0002801551581909938
0.00048107834336180125
0.001416698005628882
0.0004920722534937889
0.0008745845060170807
0.001378408870341615
0.009440736000582298
0.002531632133152174
0.0021798270089285715
0.0023754427892080745
0.0028151991944875775
0.002730280716226708
0.003516913941187888
0.002843631720690994
0.004141671316964286
0.0012290433326863355
0.0011922705987965838
0.00152246700310559
0.002836428814052795
0.001968668114324534
0.002396672408773292
0.003639363354037267
0.04312152744079969
0.03281682174398292
0.03078825577445652
0.031692031007375776
0.03347152804736025
0.032884680706521736
0.030278744904891304
0.03176557647515528
0.03811626552795031
0.028627383782996896
0.029564519846661492
0.029131587247670808
0.03375547420904503
0.03012483016304348
0.032349770113548136
0.03557932598990683
