0.18275227645985126
0.01641971068014217
0.01764979563203225
0.007789124486051061
0.011118320178300223
0.0036533008137764667
0.003692375169549385
0.0031886491722597516
0.011858309722123778
0.002051252227086828
0.002295088323189146
0.001688678553752077
0.004833406938515138
0.001607500822378883
0.001598716664879545
0.004201250500545526
0.00743806108806027
0.0016907988676312278
0.001986431202781367
0.0010183564659577548
0.005134188607371786
0.0016359736087560482
0.0008805360638129665
0.0009468715980321064
0.002622525366526544
0.0007648275064078915
0.0008775070439856085
0.0009917010914770046
0.001881324214772045
0.0006860729908965838
0.0011313389055182077
0.0012791550730932774
0.0043645146692401215
0.0008841708876057961
0.0010595511356098234
0.0008160179414902414
0.006024114632649563
0.0010674265871609542
0.0006439696152963078
0.0007000064821024305
0.0016177994897919002
0.0007427156616681782
0.0005900530623693356
0.000988066267684175
0.0020476174032939983
0.001037742192852846
0.0031571473660552286
0.0007218154248594081
0.0052199098684860175
0.003269221099667474
0.0038383739252280395
0.008144125609817417
0.0035451648059397867
0.0028106274978054752
0.002876963032024615
0.0026691722718678573
0.00388592953651756
0.002846672833751035
0.002993883197360633
0.003851398710485679
0.00421972752149241
0.0029184606036594192
0.0032337815676873856
0.002667960663936914
0.01242049580208142
0.0029966093152052555
0.0030747580267510917
0.006078031185576534
0.0053759043895949534
0.013071432162980652
0.003639973126536092
0.0024401783729195935
0.004544438446985186
0.003452779701205368
0.0020382274418291888
0.0015772106241053034
0.0033092041613885996
0.0036675372069650495
0.002176653647939449
0.002075181483722956
0.00634367622443583
0.002604957051527868
0.0030493142602012846
0.00916339078172338
0.005332589406063734
0.00731690029496595
0.0048016022303278795
0.0028975603668506492
0.0020654886202754108
0.004551708094570846
0.0026703838797988004
0.003899257223757935
0.0014908835590256007
0.003203794271396542
0.0031017163032145776
0.0018068103270190386
0.0016305213730668038
0.007664631771146647
0.0016674754149605712
0.005039986090740953
0.007860912255959446
0.017178480146895346
0.0050018204409162425
0.002263283615001887
0.007122134320066832
0.008060827564565071
0.002558310146186555
0.0011016545112100995
0.00821894239955316
0.003911373303067367
0.007341738257550286
0.007140914242996452
0.0034464187595679165
0.000948991911911257
0.007623134199511843
0.007840012019150674
0.015769683025191147
0.0056663873910385845
0.0012961175841264823
0.0011755625949976343
0.003152603836314192
0.003129583285626271
0.0013379180577440225
0.0007381721319271411
0.0020118749693311742
0.0033591829885400064
0.0011280069837081139
0.0009617137951861605
0.0044011658091511535
0.0009117349680347538
0.0006012604357305602
0.006944330856200919
0.0031665373275200385
0.003301328709837469
0.0005933849841794294
0.0005785427870253753
0.001619616901688315
0.008891384801226632
0.0006206461626256513
0.03800571757782612
0.0013351919398994002
0.006488463372183542
0.0005240204301329316
0.0006639611461568705
0.002883021071679331
0.000529472665822176
0.0006048952595233898
0.0005870240425419777
0.0011607203978435802
0.0006606292243467768
0.0004495065423799251
0.0004519297582418115
0.0011258866698289633
0.0006506334589164954
0.0004897925060837863
0.0005388626272869857
0.0041830763815813785
0.0004470833265180387
0.00054431486297623
0.0005119043508234996
0.0011240692579325485
0.0018664820176179909
0.0004364817571222858
0.0005948994940931084
0.0010498582721622778
0.0007254502486522377
0.0005673354136641508
0.0006339738498660264
0.001177682908876785
0.000512813056771707
0.0005091782329788774
0.00046374293556850765
0.001419398691099952
0.0005382568233215141
0.0004552616800519053
0.0005312900777185907
0.0021799855697495424
0.0006185258487465007
0.0014854313233363563
0.0005867211405592419
0.0013766895115342047
0.0005455264709071732
0.0013027814277466697
0.0011125589825885882
0.0024771324148133607
0.0011589029859471653
0.0013981955523084462
0.0006539653807265892
0.0010925674517280254
0.0005585512561648126
0.0007239357387385586
0.0008472168457120286
0.00879354746080297
0.0008899260252777763
0.0015990195668622808
0.008195618946882503
0.003404618285950376
0.0006851642849483765
0.0031053511270074073
0.002299026048964711
0.0016262807453085025
0.0013139888011078943
0.0008599387289869322
0.0006818323631382826
0.0016217372155674656
0.0005412858431488721
0.000779063899596474
0.0006597205183985693
0.0020024850078663647
0.0007581636627877039
0.002116073251392289
0.0012425039331822457
0.0018277105638278086
0.00082116727519675
0.001464833988510322
0.0009798879141503084
0.0033152622010433155
0.0009756472863920073
0.0014475685754943815
0.0019297885320097728
0.0017904536199513056
0.0007908770769231701
0.0009020421045872082
0.000849640061573915
0.002321743697669896
0.0006167084368500859
0.0008145034315765624
0.0007166660911528995
0.0022245121612117047
0.0012885450345580872
0.0007093964435672403
0.0006164055348673502
0.01684437925993776
0.0029257302512450786
0.0009302119889816375
0.004021326722800462
0.0041549064971869495
0.0008326775505407103
0.0008681170825207987
0.0007648275064078915
0.004876419020063622
0.0011755625949976343
0.0013984984542911821
0.0012379604034412088
0.004628039394220266
0.0009414193623428621
0.0016168907838436928
0.0011019574131928352
0.005039380286775481
0.001338523861709494
0.0013978926503257106
0.0014587759488556061
0.006652030442860873
0.001844067270895542
0.002870904992369899
0.05390534555361093
0.0046337481577722614
9.39293748060813e-06
2.1209858827179645e-06
1.5149899162271175e-07
0.00031011843585169096
1.5149899162271175e-07
4.5449697486813527e-07
1.5149899162271175e-07
1.5149899162271175e-07
1.5149899162271175e-07
1.5149899162271175e-07
1.5149899162271175e-07
1.5149899162271175e-07
0.0
0.0
7.271951597890164e-06
0.000856726797626435
7.98399685851691e-05
7.574949581135588e-07
6.05995966490847e-07
0.0002937565447564381
9.089939497362705e-07
7.574949581135588e-07
9.089939497362705e-07
6.05995966490847e-07
1.211991932981694e-06
6.05995966490847e-07
1.5149899162271176e-06
6.05995966490847e-07
6.05995966490847e-07
4.5449697486813527e-07
1.211991932981694e-06
0.0011171535642258766
4.408620656220912e-05
5.302464706794912e-06
6.862904320508843e-05
5.908460673285759e-06
6.5144566397766055e-06
7.574949581135588e-06
7.877947564381012e-06
1.4846901179025753e-05
5.908460673285759e-06
1.0150432438721689e-05
2.3027846726652187e-05
2.8178812441824388e-05
2.3330844709897612e-05
2.8633309416692522e-05
0.001705575647688489
0.0010577659595097735
0.00029557453265591064
6.05995966490847e-07
4.211671967111387e-05
1.211991932981694e-06
1.363490924604406e-06
4.999466723549488e-06
2.1209858827179645e-06
4.999466723549488e-06
2.726981849208812e-06
3.635975798945082e-06
1.2422917313062365e-05
1.621039210363016e-05
1.5907394120384734e-05
2.5603329584238287e-05
0.0016154337476729755
0.000847788357120695
8.786941514117282e-06
1.4392404204157618e-05
8.029446556003723e-06
2.090686084393422e-05
1.1968420338194228e-05
6.120559261557556e-05
3.757174992243252e-05
3.151179025752405e-05
4.908567328575861e-05
4.681318841141793e-05
0.00010392830825318026
0.00010786728203537077
9.180838892336332e-05
0.00011104876085944772
0.0027910659226652187
0.0027113774530716723
7.438600488675147e-05
5.317614605957183e-05
8.514243329196401e-05
9.892884152963078e-05
4.7873681352776914e-05
7.256801698727893e-05
7.635549177784673e-05
0.00012983463582066397
0.0001171087205243562
0.00015377147649705243
0.0003013314943375737
0.0005303979696711139
0.00042237918864412036
0.0004431345504964319
0.007093031288783742
0.007040158140707416
0.00031511790257524047
0.00017982930305615886
0.0001793748060812907
0.00027421317483710826
0.00015543796540490226
0.00021225008726341918
0.00017634482624883648
0.0003504171676233323
0.00015225648658082533
0.00015695295532112938
0.00034193322409246046
0.0006364472638070121
0.00045131549604405835
0.00036920304258454854
0.005453054704467887
0.01552607115847037
0.0007768868290412659
0.0010945802144740925
0.0006367502617902575
0.0014177275636053366
0.0004840392782345641
0.004441495937403041
0.0022849077916537387
0.00040510830359913124
0.00024239838659633882
0.00016558839784362394
0.000326934823921812
0.0004905537348743407
0.0004311661301582377
0.0001661943938101148
0.002446860213698418
0.012079317600062055
0.0014404524123487433
0.0012595626163512256
0.0007935517181197642
0.0013342516192212225
0.0007182567192832764
0.0045867834703692215
0.002429740827645051
0.00036905154359292584
0.0007203777051659944
0.0002819396234098666
0.00030451297316165066
0.0003655670667856035
0.00048373628025131864
0.00020846261247285138
0.0017898090870307167
0.016640800738830282
0.0017040606577722619
0.0006262968313682904
0.0008447583772882407
0.002651080854405833
0.0015543796540490227
0.006071928085246665
0.002277938838039094
0.00033132829467887064
0.0011413934028855104
0.00036132509502016753
0.00041192575822215325
0.0003372367553521564
0.00048737225605026375
0.00034056973316785605
0.0014499968488209743
0.04841938072060192
0.0038080786534284827
0.0021073509734719207
0.002170071556003723
0.010857175234641638
0.005726358885355259
0.020465392782345642
0.010183307719903816
0.0016760333443220602
0.0018010200124107974
0.001111093604560968
0.001340311578886131
0.00117320819112628
0.0009850464435308718
0.0012583506244182438
0.004510124980608129
0.05513154354444617
0.005944971930266832
0.00601466146641328
0.038919181953924915
0.015824069674992242
0.010207244560580205
0.02495415640513497
0.015987234088969904
0.004658745491390009
0.004265605608129073
0.0038339849809959667
0.0036929394197952217
0.0038345909769624572
0.003611432962302203
0.0042748470466180575
0.006725646234098666
0.022152334054064537
0.0017479953653428482
0.0023130866040955633
0.0017037576597890164
0.005720904921656842
0.004363019459742476
0.009751232595795842
0.00599905707027614
0.0027337993038318337
0.0007670393945857897
0.0007212866991157307
0.0009220228630158237
0.0015661965753955942
0.0011177595601923674
0.0019484285312596958
0.0034903852679956564
0.03262606534090909
0.004421498070508843
0.003517806585479367
0.003618704913900093
0.010106649230142725
0.010567509162659014
0.008382742204467887
0.006901839561355879
0.01738147930887372
0.001772386702994105
0.0013266766696400868
0.0028506050263729446
0.006608992010549178
0.0035065956600992864
0.007299372915373875
0.013147688488985418
0.05520926252714862
0.010078621916692522
0.009023279941048712
0.009696086962845175
0.02278605433602234
0.030240259220834627
0.014470880681818182
0.012984675573999379
0.05036053730026373
0.004564513118600682
0.004214247449968973
0.007241651799565622
0.02115183471338815
0.011345910981616506
0.023969564458578965
0.03906659047277381
0.00030466447215327336
0.0002216430247440273
0.0002242185076016134
0.00022830898037542663
0.0002255819985262178
0.0002227035176853863
0.0002587602776915917
0.00022512750155134967
0.00022224902071051815
0.00021937053986968662
0.00022103702877753644
0.00024785235029475643
0.00021800704894508221
0.0002470948553366429
0.00021800704894508221
0.00021861304491157307
