0.042996164626840125
0.003975789541252996
0.0026324728260869565
0.002652532309140705
0.003495699246833276
0.002140346841834988
0.002308846499486477
0.001935740114686751
0.004894513865114687
0.0016034213454296474
0.0015673142759328998
0.0020554283635741185
0.0028243752139678192
0.0017237782437521396
0.0014275665439917836
0.005238868324204039
0.004623710843889079
0.001591385655597398
0.0014783839010612805
0.0017859626412187607
0.002188489601163985
0.001828087555631633
0.0016107764892160218
0.004934632831222184
0.0020407180760013692
0.00140683841150291
0.0012724398750427936
0.0013172393871961658
0.0017926491355700102
0.001201563034919548
0.0012717712256076687
0.0013600329510441629
0.002691982625813078
0.0011754857069496748
0.0013854416295789114
0.0014609990157480315
0.005835303620335502
0.0013647134970900376
0.0013800924340979118
0.0013292750770284149
0.0018829168093118796
0.001343985364601164
0.0012771204210886684
0.001654238702499144
0.0017565420660732626
0.0015907170061622731
0.0012363328055460458
0.0012583982369051695
0.0022586977918521056
0.0019310595686408765
0.0017043874101335158
0.0034595921773365288
0.001967166638137624
0.001578681316330024
0.0016321732711400206
0.0016595878979801437
0.0023061719017459775
0.0018033475265320097
0.0017625599109893871
0.0022927989130434785
0.002074819197192742
0.0019270476720301267
0.001611445138651147
0.0023610011554262237
0.002317538942143102
0.001829424854501883
0.0015719948219787745
0.0015285326086956522
0.003042354929818555
0.0034595921773365288
0.0020988905768572408
0.0015806872646353988
0.0017826193940431358
0.0014456200787401575
0.001391459474495036
0.001388784876754536
0.002169098767545361
0.00265721285518658
0.0016134510869565217
0.0014623363146182814
0.0029286845258473127
0.0018040161759671346
0.001439602233824033
0.001798666980486135
0.0023503027644642244
0.002310852447791852
0.0020407180760013692
0.0019491131033892502
0.0016709549383772681
0.0019130060338925026
0.0013700626925710372
0.0015265266603902772
0.0016956949674768915
0.0020393807771311194
0.0018153832163642588
0.0016535700530640191
0.001654907351934269
0.001703718760698391
0.0013118901917151661
0.0015405682985279014
0.0018855914070523793
0.0020641208062307428
0.002717391304347826
0.0013620388993495379
0.0019985931615884973
0.001593391603902773
0.002161074974323862
0.0012690966278671688
0.0019504504022595
0.0014148622047244095
0.001765903158165012
0.00179933562992126
0.001889603303663129
0.0012757831222184183
0.0018956211485792536
0.0019317282180760014
0.0039737835929476205
0.003376010997945909
0.0014710287572749059
0.0014643422629236564
0.0015746694197192742
0.0013332869736391647
0.0012463625470729202
0.001265753380691544
0.001747849623416638
0.0015345504536117768
0.001610107839780897
0.0014335843889079082
0.002123630605956864
0.0015653083276275248
0.0012570609380349197
0.00406137666894899
0.002325562735364601
0.0031767534662786715
0.001358695652173913
0.0013092155939746662
0.0016936890191715165
0.004732700701814447
0.0015225147637795275
0.009976918221499487
0.0015425742468332764
0.003310483353303663
0.001279795018829168
0.001203568983224923
0.0015271953098254022
0.001219616569667922
0.0012871501626155427
0.0013152334388907908
0.001578012666894899
0.0013774178363574118
0.0012383387538514208
0.0012690966278671688
0.001391459474495036
0.0012724398750427936
0.001265753380691544
0.0013078782951044163
0.001374074589181787
0.0012791263693940431
0.0011761543563847997
0.0013520091578226635
0.0015873737589866485
0.001451637923656282
0.0012269717134542964
0.0012924993580965423
0.0014864076942827798
0.0012543863402944197
0.0011908646439575488
0.001188858695652174
0.0014596617168777816
0.0012510430931187949
0.0012216225179732967
0.0011480710801095514
0.0015292012581307772
0.0012938366569667922
0.0012838069154399178
0.0012075808798356726
0.001594728902773023
0.0012276403628894215
0.0012242971157137967
0.0011935392416980487
0.00148239579767203
0.001343316715166039
0.001735813933584389
0.0014235546473810338
0.0015673142759328998
0.0013667194453954126
0.0013827670318384115
0.001249705794248545
0.0014476260270455323
0.0014295724922971586
0.0013372988702499145
0.001421548699075659
0.003327199589181787
0.0026792782865457036
0.001783956692913386
0.0022700648322492296
0.0020661267545361178
0.0014168681530297843
0.0017271214909277645
0.002330911930845601
0.0019404206607326257
0.0017144171516603902
0.001343985364601164
0.0013479972612119137
0.00421115414241698
0.0013326183242040397
0.0014489633259157824
0.0013413107668606642
0.0017826193940431358
0.0015078044762067784
0.0014810584988017802
0.0013406421174255393
0.0014810584988017802
0.00132726912872304
0.0013653821465251627
0.0013292750770284149
0.0016221435296131462
0.0013934654228004108
0.0012463625470729202
0.0014168681530297843
0.0017545361177678878
0.0015131536716877783
0.0012704339267374186
0.001279795018829168
0.0018454724409448819
0.001421548699075659
0.0013165707377610408
0.0012711025761725436
0.0015927229544676481
0.0015880424084217734
0.0012517117425539198
0.001234326857240671
0.004458554433413215
0.0020641208062307428
0.0014235546473810338
0.0022560231941116055
0.002293467562478603
0.001312558841150291
0.0018561708319068811
0.002595028457719959
0.002672591792194454
0.0018341054005477577
0.001576675368024649
0.001418874101335159
0.0016355165183156452
0.0013052036973639164
0.0017552047672030127
0.0017130798527901403
0.0022118923313933585
0.0017318020369736392
0.0015245207120849025
0.0014135249058541595
0.0022459934525847314
0.0019243730742896268
0.0025529035433070864
0.4851412722526532
0.0
0.0
0.0
0.0
0.0
0.0
0.0
0.0
0.0
0.0
0.0
0.0
0.0
0.0
0.0
0.4722412611377656
0.0013085535897875257
3.6813528101439343e-06
4.016021247429746e-06
6.693368745716244e-06
5.3546949965729956e-06
4.016021247429746e-06
6.024031871144619e-06
4.350689684715559e-06
2.6773474982864978e-06
2.6773474982864978e-06
4.016021247429746e-06
1.3386737491432489e-06
5.020026559287183e-06
2.6773474982864978e-06
5.3546949965729956e-06
4.350689684715559e-06
0.0
0.0
0.0
0.0
0.0
0.0
0.0
0.0
0.0
0.0
0.0
0.0
0.0
0.0
0.0
0.0
0.0
0.0
0.0
0.0
0.0
0.0
0.0
0.0
0.0
0.0
0.0
0.0
0.0
0.0
0.0
0.0
0.000680715601439342
9.705384681288554e-06
1.238273217957505e-05
4.350689684715559e-06
7.362705620287869e-06
8.032042494859493e-06
6.358700308430432e-06
6.358700308430432e-06
1.1378726867717615e-05
1.8741432488005484e-05
2.7777480294722412e-05
7.362705620287869e-06
6.693368745716244e-06
6.693368745716244e-06
8.701379369431118e-06
0.0005481869002741604
0.0
0.0
0.0
0.0
0.0
0.0
0.0
0.0
0.0
0.0
0.0
0.0
0.0
0.0
0.0
0.0
0.0
0.0
0.0
0.0
0.0
0.0
0.0
0.0
0.0
0.0
0.0
0.0
0.0
0.0
0.0
0.0
0.0019149727981494175
0.00011311793180260453
6.626435058259082e-05
2.9785490918437287e-05
2.275745373543523e-05
3.112416466758054e-05
5.8232308087731326e-05
4.2168223098012334e-05
5.48856237148732e-05
7.061504026730638e-05
5.789763965044551e-05
2.3092122172721042e-05
2.9116154043865663e-05
1.8741432488005484e-05
4.986559715558602e-05
0.0001589675077107608
0.005112729716415353
0.0003125803204249486
0.0003841993660041124
0.00022790920579163811
0.00023727992203564086
0.00016030618145990405
0.00031659634167237837
0.00024263461703221385
0.00012817801148046608
0.00010274321024674435
0.0001121139264907471
9.571517306374229e-05
9.973119431117204e-05
9.839252056202879e-05
0.00012717400616860865
0.0011519287611377656
0.002376815241603838
0.00010910191055517478
0.00023493724297464017
3.346684372858122e-05
0.00024330395390678548
0.00012516599554489375
0.0006663248586360521
0.0003845340344413982
5.354694996572995e-05
6.793769276901988e-05
4.752291809458533e-05
5.5220292152159015e-05
3.2797506854009594e-05
4.9196260281014394e-05
7.463106151473612e-05
0.00024330395390678548
0.002349372429746402
0.000262045386394791
0.00026639607607950653
0.000308229630740233
0.0003487245116518163
0.00020247440455791637
0.0011151152330363262
0.0005518682530843043
7.898175119945168e-05
0.00010608989461960247
6.124432402330363e-05
7.864708276216586e-05
6.0574987148732006e-05
6.157899246058944e-05
0.00023895326422206992
7.831241432488006e-05
0.010019638343899932
0.0022831080791638108
0.0008825206691226868
0.00545576486463331
0.0013564111763193969
0.0012680587088759424
0.0017496465901302263
0.0013872006725496916
0.0011151152330363262
0.0008105669551062371
0.0006161245930431802
0.0005913591286840302
0.0006653208533241947
0.0006077578821110349
0.0012202011223440713
0.0014996492674777245
0.004965810272446881
0.001265381361377656
0.0005281067940370117
0.0007339278829677861
0.0006007298449280329
0.0005230867674777245
0.0009397489718985607
0.0007754267691912268
0.0015321121058944483
0.0005993911711788896
0.00035776055945853326
0.0005107040352981494
0.0007345972198423578
0.0003925660769362577
0.0006010645133653187
0.00207460964273475
0.007570200051405072
0.0015331161112063056
0.0013219403272789582
0.0013195976482179574
0.002329292323509253
0.001646568711446196
0.0012198664539067854
0.0014230101953392736
0.004074588223954763
0.000613112577107608
0.0004963132924948595
0.0008825206691226868
0.0026100791423920495
0.0008252923663468128
0.0019273555303289925
0.003791793394448252
0.021079760859321454
0.0067395529900616865
0.006874424370287869
0.005560850753941055
0.006945708747429747
0.006983191612405758
0.004211132946367375
0.005592644255483207
0.013600590622858122
0.0021760141792323507
0.002264366646675805
0.0029909318240233036
0.008268987748457848
0.003551836124914325
0.006373760388108294
0.010562805217614804
0.025646646354523645
0.019082459625599724
0.018056366196881425
0.01848909248629198
0.019255148539239205
0.01935688774417409
0.01790342272104181
0.01862429853495545
0.021817704763536668
0.01666715751370802
0.017032615447224127
0.017194594970870457
0.019772211274845786
0.017497804575051405
0.019165792066483892
0.020812026109492805
