0.1388068359730323
0.02005146545342346
0.006098126091505072
0.009722523630286278
0.00383530902346457
0.003052686299106048
0.0024439797357160863
0.0038421741350817503
0.004431429548889702
0.0040759693251557145
0.0020210125810798288
0.0029668724038912977
0.0025694587202745433
0.002329561208763086
0.0018131522571152114
0.02840516210626201
0.005226638311213054
0.0012383898567213066
0.0013161944550493469
0.0015930872902756076
0.002088900907071942
0.0025458122247042567
0.0013474688524165001
0.0011724085061784097
0.003391365138886929
0.002463049490208253
0.0009931528139520427
0.0014275618212836005
0.003245672214566775
0.0011628736289323264
0.0009107714745458824
0.001943970772931475
0.008433789621705653
0.006179744640731546
0.000903524967838859
0.0017517476476504347
0.024027890660130065
0.0012094038298932131
0.0005553112508118948
0.0006975716193234585
0.0027250679169306237
0.0019180359068221285
0.0006769762844719185
0.0007410506595655986
0.0014382408837992139
0.0011209201690495596
0.002974118910598321
0.0008158040971748921
0.0036327882307577598
0.02171205967460134
0.0015824082277599942
0.004749131658729199
0.0018371801477753415
0.0014267990311039138
0.0014889664307483773
0.0009614970214950458
0.003265886154328472
0.0017120825583067279
0.0010251900014988827
0.0008238133940616022
0.001494305962006184
0.001211692200432273
0.000633115849139935
0.0011060457605456696
0.0037105928290858
0.01884587557442868
0.001514901296857724
0.0020652544115016555
0.02200611528887055
0.012690540219447106
0.0016399988863263376
0.001618640761295111
0.034714581077540295
0.01136748065278058
0.0008547063963389122
0.000979803985807526
0.016698239823520863
0.0064821909469773105
0.0018211615540019216
0.0010316737180262193
0.0032025745694144784
0.0009759900349090926
0.000902380782569329
0.0019958405051501687
0.0031648164555199885
0.0020564823244352587
0.0012338131156431865
0.0012002503477369733
0.0016792825805802011
0.0007109204474679752
0.00120444569372525
0.0010743899680886728
0.0027815143902274373
0.0015541849911115875
0.0010343434836551227
0.004789559538252592
0.002675105160161147
0.0051427313914475204
0.0015084175803303872
0.0023238402824154363
0.003278472192293302
0.0035893091905156195
0.021739901516159902
0.0012795805264243867
0.002519114568415223
0.0035526952618906596
0.0009561574902372392
0.0009904830483231392
0.0036301184651288563
0.0016060547233302809
0.002262817068040503
0.00804705500060451
0.004548899236561449
0.0010354876689246527
0.00740631124966771
0.0032735140561253387
0.007614171573632327
0.002003468406947035
0.0011449480597096897
0.0009672179478426959
0.002952379390477251
0.0014901106160179073
0.0006231995768040083
0.0005762879807532782
0.002194547346958546
0.0008322040860381556
0.0009428086620927225
0.0026617563320166303
0.0036568161214178894
0.001976770750658002
0.0007231250903429619
0.003580918498539066
0.004285736624569548
0.00395430429149569
0.0008215250235225421
0.0010888829815027196
0.0021564078379742125
0.030266370144697484
0.0006758320992023884
0.01674248165394269
0.002095384623599279
0.0072964694637928295
0.0006609576906984984
0.0013730223234360037
0.00380556020645679
0.0007124460278273485
0.0006685855924953651
0.0009908644434129827
0.002011096308743902
0.0014451059954163938
0.0005903995990774815
0.0006926134831554951
0.0015061292097913273
0.0007543994877101153
0.0005690414740462548
0.0005644647329681348
0.0018859987192752883
0.0013856083614008337
0.000618241440636045
0.0007467715859132486
0.0021236078602476856
0.0005881112285384216
0.0006582879250695951
0.0006735437286633284
0.0012803433166040734
0.0009073389187372923
0.0005232740632650548
0.0005545484606322081
0.0012894967987603133
0.0007303715970499852
0.0012250410285767899
0.0006895623224367485
0.0016842407167481643
0.0008535622110693822
0.0006533297889016318
0.0006983344095031452
0.002041989311021212
0.0011910968655807332
0.0005274694092533313
0.0005667531035071948
0.001804761565138658
0.0014332827476312504
0.0033276721588830923
0.000880641262448259
0.002248705449716299
0.0011354131824636063
0.001014129543893426
0.0007971157377725688
0.002037412569943092
0.0016396174912364943
0.0007765204029210287
0.0006903251126164352
0.0050839965476116465
0.019673502919388717
0.003439420920207189
0.0025614494233878334
0.0032704628954065918
0.010537946332371328
0.002585858709137807
0.003228509435523825
0.005300628958642661
0.0044104528189483185
0.004238443633428975
0.003426072092062672
0.0019424451925721018
0.002948946834668661
0.0030442956071294945
0.00264001681189556
0.004532880642788029
0.0034817557751797993
0.002426435561583293
0.0022204822130678925
0.0024897471464972866
0.0028715236314304643
0.0023040077377435826
0.0025728912760831332
0.0028627515443640675
0.0026644260976455337
0.002055719534255572
0.0032418582636683417
0.0014458687855960805
0.002004231197126722
0.0018547243219081348
0.0022353566215717827
0.003312797750379202
0.0022101845456421227
0.0017700546119629147
0.0015450315089553474
0.0009466226129911558
0.0015473198794944073
0.0013852269663109902
0.0012795805264243867
0.0060851586584503995
0.0038574299386754836
0.0023139240100795095
0.002834909702805504
0.002045040471739959
0.0017582313641777713
0.0018360359625058116
0.00903524967838859
0.0041083879077923975
0.0037094486438162696
0.003098453709887248
0.0025603052381183034
0.0018333661968769081
0.002311254244450606
0.0018383243330448715
0.003226221064984765
0.0028581748032859475
0.003116379279109885
0.0021190311191695657
0.0017494592771113745
0.0014615059842796572
0.002293710070317813
0.005441363746794851
0.011029564603179385
0.0
0.0
0.0
0.0
0.0
0.0
0.0
0.0
0.0
0.0
0.0
0.0
0.0
0.0
0.0
0.0
0.00037589451445877293
2.098903380226651e-06
1.3356657874169597e-06
2.098903380226651e-06
5.724281946072684e-07
5.724281946072684e-07
5.724281946072684e-07
7.632375928096913e-07
9.54046991012114e-07
1.9080939820242283e-07
3.8161879640484567e-07
7.632375928096913e-07
0.0
1.1448563892145368e-06
1.3356657874169597e-06
2.098903380226651e-06
0.0014547308518952716
8.586422919109027e-06
2.098903380226651e-05
5.342663149667839e-06
3.243759769441188e-06
5.533472547870262e-06
2.6713315748339193e-06
7.0599477334896445e-06
6.6783289370847985e-06
1.6600417643610786e-05
5.915091344275107e-06
6.296710140679953e-06
4.579425556858147e-06
2.6713315748339193e-06
5.342663149667839e-06
6.869138335287222e-06
0.0048276685839195
2.385117477530285e-05
0.0001028462656311059
9.101608294255568e-05
1.946255861664713e-05
4.1024020613520906e-05
7.765942506838608e-05
3.75894514458773e-05
5.228177510746385e-05
3.320083528722157e-05
1.75544646346229e-05
1.75544646346229e-05
3.2628407092614305e-05
4.522182737397421e-05
3.5490548065650644e-05
1.5837180050801096e-05
0.0016348549237983588
1.9271749218444706e-05
6.60200517780383e-05
2.041660560765924e-05
8.77723231731145e-06
1.011289810472841e-05
4.216887700273544e-05
4.083321121531848e-05
2.2133890191481048e-05
9.158851113716295e-06
8.77723231731145e-06
3.110193190699492e-05
1.278422967956233e-05
9.731279308323564e-06
7.250757131692067e-06
1.0494516901133255e-05
0.00620359515435717
0.00021962161733098866
0.0002272539932590856
9.788522127784291e-05
8.300208821805393e-05
9.903007766705744e-05
0.00020473848427119968
0.00016733984222352483
5.609796307151231e-05
5.4953106682297776e-05
5.285420330207112e-05
7.899509085580305e-05
6.277629200859711e-05
8.18572318288394e-05
7.536971228995701e-05
5.0182871727237204e-05
0.018963592040347792
0.0005558277769636576
0.0017972337216686206
0.00042531414859320045
0.00026808720447440407
0.00039154088511137163
0.001952170953008988
0.001286627772078937
0.00015093023397811644
0.00013833681369675654
0.00023126099062133646
0.00014348866744822196
0.0001473048554122704
0.0001637144636576788
0.0001948163955646737
0.0005441884036733099
0.015096076348182884
0.0005901734686400938
0.002845731364790934
0.0010948643268855023
0.0005865480900742478
0.0009843856853262993
0.004290921746776084
0.002366036537710043
0.00018756563843298164
0.00022534589927706135
0.00028239790933958577
0.00020931790982805783
0.00016199717907385697
0.0001312768659632669
0.00014100814527159047
0.000505454095838218
0.010147434605803049
0.0005279696048261039
0.0015262843762211802
0.0013801243771981242
0.0007790747728604923
0.001953506618796405
0.0069832423554122705
0.004020926448319656
0.00012078234906213365
8.758151377491207e-05
4.827477774521297e-05
4.617587436498632e-05
0.0001328033411488863
0.00011162349794841735
0.0001095245945681907
0.00016066151328644
0.005095946597792106
0.00022286537710042986
0.0015604392584994138
0.0020042619187182493
0.002220448966881594
0.0030056296404845644
0.006974274313696757
0.004280808848671356
0.0001394816700859711
5.6479581867917156e-05
4.827477774521297e-05
5.6288772469714734e-05
9.425984271199687e-05
8.204804122704181e-05
8.452856340367331e-05
0.0002560662123876514
0.0027764675532434544
0.00016695822342711997
0.0004255049579914029
0.0006729847474599453
0.0009416443801289566
0.0006857689771395077
0.0016401975869480266
0.001016250854826104
0.00045279070193434936
0.00015264751856193827
5.724281946072685e-05
5.7052010062524424e-05
0.00013070443776865963
0.00016276041666666666
0.0001856575444509574
0.00024480845789370847
0.0225004350454279
0.0016314203546307152
0.0017724284999023057
0.0022172052071121533
0.008667135294548652
0.0006149786904064088
0.012920085971082454
0.004904373961996874
0.003151217211313013
0.0007573225014654162
0.0005270155578350918
0.001022165946170379
0.012945082002246972
0.007279760160218835
0.008254032947440407
0.008138974880324345
0.044140510514361075
0.004876134171062915
0.007220036818581477
0.008913088608831575
0.03586109991695975
0.003088059300508011
0.009626715758108636
0.004064240181711606
0.01722531842272372
0.00304073856975381
0.00190981126660805
0.0032491024325908557
0.019169666190406408
0.008317572477041813
0.008188585323856976
0.009854923798358733
0.07478850686303243
0.01420270674579914
0.028401597303634233
0.0219331587045721
0.0736991760086948
0.010183497582063305
0.011530993552168816
0.009628623852090661
0.04701161952911293
0.006756560790347792
0.004064430991109809
0.008863668974697148
0.035631365401524034
0.016628657434544745
0.017087935656017975
0.023260810497264556
0.018138341393122315
0.004131595899277062
0.005282367379835873
0.004798856364790934
0.009887743014849551
0.0034210217003712387
0.003683766241695975
0.003366068593688941
0.007559486737983587
0.0027007162221570928
0.002542916849843689
0.0034458269221375537
0.004892162160511919
0.0034141525620359514
0.004430212607463853
0.004666625451836655
0.010291877320242282
0.0049030382962094565
0.004941772604044548
0.0050079834652207895
0.005059502002735443
0.005007411037026182
0.005065417094079719
0.005002831611469324
0.005264622105803048
0.004927652708577569
0.0053445712436498635
0.004896550776670575
0.004958754640484564
0.004855908374853458
0.0049858495750293086
0.005066561950468933
