0.19716203104786545
0.020528025954075033
0.00326005114003881
0.0031690905967011644
0.005184750970245795
0.0023485506953428202
0.0024325628638421732
0.0027616631630012936
0.00547468770213454
0.002855782058538163
0.0027382913567270376
0.0026012188712807244
0.003871508125808538
0.0022683285494825354
0.002064930667852523
0.007473292973803364
0.005553014836675291
0.002053560599935317
0.0018103674805950841
0.0020289254527813714
0.006237113923027167
0.0021419944615135834
0.0019253315006468306
0.0018280542529107375
0.0025879537920439843
0.0017415154026520052
0.0016764533473479948
0.001718143596377749
0.0022898053444372576
0.001606969598965071
0.0017528854705692108
0.0019265948415265201
0.003093290143919793
0.0016663466203104787
0.0016701366429495471
0.0018874312742561449
0.01593704519728331
0.0016581349045924967
0.0016076012694049159
0.0016455014957956016
0.0023750808538163
0.0017301453347347995
0.0016612932567917206
0.002016923714424321
0.0021318877344760675
0.0019499666478007762
0.0016638199385510997
0.0015848611335705046
0.003299214707309185
0.0025077316461837
0.005458895941138422
0.003861401398771022
0.0024117177393272963
0.0019910252263906857
0.0019051180465717982
0.0020194503961837
0.002685231039780078
0.002391504285252264
0.0019379649094437258
0.0027243946070504526
0.0024666730675937903
0.0022095831985769728
0.00190006468305304
0.011988473277813712
0.03494211372089263
0.003986472145860284
0.002650489165588616
0.002220321596054334
0.007832713454075033
0.005655345447930143
0.0026094305869987064
0.002109147598641656
0.0024976249191461836
0.002021345407503234
0.001710563551099612
0.0016625565976714101
0.002893050614489004
0.0039239367723156535
0.0019866035333117723
0.0017257236416558862
0.0041456530967011644
0.002826093547865459
0.001921541478007762
0.0022152682325355757
0.0028418853088615784
0.006989433416882277
0.007820711715717982
0.003863928080530401
0.002650489165588616
0.0021678929495472185
0.0021868430627425615
0.0019265948415265201
0.0019651267383570506
0.002602482212160414
0.0023194938551099613
0.010325285009702458
0.0019487033069210866
0.014930162516170763
0.00372180223156533
0.008449855473803364
0.007636263947283312
0.004730579923997413
0.0032632094922380337
0.003553146224126779
0.005256129729948254
0.008799800897477362
0.002481833158150065
0.0016537132115135834
0.00786556031694696
0.0020579822930142304
0.004344629285252264
0.007671637491914619
0.003182355675937904
0.0020491389068564036
0.012020688470245795
0.015179672339909444
0.01947124130821475
0.004390741227360931
0.001786995674320828
0.001697298471862872
0.0017465687661707633
0.001799629083117723
0.0015602259864165588
0.0015286424644243208
0.0020314521345407505
0.001924068159767141
0.0018646911384217334
0.0017149852441785253
0.0024793064763906857
0.0018722711836998706
0.001543802554980595
0.005417205692108668
0.0030895001212807244
0.0038847732050452783
0.0015475925776196637
0.0014951639311125485
0.0020005002829883572
0.00770764270698577
0.001694771790103493
0.013614392989974126
0.0016796116995472187
0.0037748625485122898
0.0014364185802069858
0.0014383135915265201
0.001831212605109961
0.001435786909767141
0.0013587231161060803
0.001474950477037516
0.0019455449547218628
0.001591177837968952
0.0013321929576326002
0.001382726592820181
0.0015406442027813712
0.0013814632519404916
0.001388411626778784
0.0014029400468952135
0.0015614893272962484
0.0015014806355109962
0.0014111517626131953
0.0015172723965071152
0.0017440420844113843
0.0015854928040103494
0.0013953600016170763
0.0014812671814359638
0.001697298471862872
0.0015261157826649417
0.0013681981727037516
0.0014212584896507116
0.0017250919712160414
0.0015305374757438551
0.0014926372493531694
0.0015804394404915912
0.0030497048835705044
0.0019758651358344113
0.0014256801827296248
0.0014282068644890038
0.0017863640038809831
0.001364408150064683
0.0013745148771021993
0.0015166407260672704
0.0016593982454721863
0.0015330641575032342
0.0021129376212807244
0.0015823344518111255
0.0019126980918499352
0.001583597792690815
0.0015153773851875809
0.002549421895213454
0.0017225652894566623
0.0016088646102846054
0.0016581349045924967
0.0015640160090556274
0.0035746230190815006
0.0031779339828589908
0.0022260066300129368
0.0026220639957956014
0.0025077316461837
0.0016834017221862873
0.0021312560640362227
0.0031444554495472185
0.0022740135834411384
0.0020061853169469597
0.001625919712160414
0.001538749191461837
0.006077301301746442
0.0014534736820827944
0.0017964707309184994
0.0016372897800776196
0.002148311165912031
0.0017459370957309186
0.0018034191057567917
0.0015665426908150065
0.0017592021749676585
0.0015185357373868047
0.0015715960543337645
0.001536222509702458
0.0020118703509055627
0.001665714949870634
0.0014711604543984477
0.0016088646102846054
0.0018590061044631307
0.0016265513826002587
0.0015292741348641656
0.0015526459411384218
0.0022417983910090556
0.0016612932567917206
0.0015715960543337645
0.0015008489650711514
0.001956283352199224
0.0019657584087968954
0.00151790406694696
0.0015381175210219921
0.005424785737386805
0.002513416680142303
0.0015930728492884864
0.002539315168175938
0.0029309508408796895
0.001427575194049159
0.001536222509702458
0.00167582167690815
0.0029593760106727037
0.002003026964747736
0.0019385965798835705
0.001768045561125485
0.0020257671005821476
0.0014736871361578266
0.0020630356565329885
0.001973970124514877
0.0026959694372574385
0.0020680890200517462
0.0017383570504527813
0.0016777166882276844
0.002782508287516171
0.0017958390604786547
0.002280330287839586
0.03388343406371281
0.0
0.0
0.0
0.0
0.0
0.0
0.0
0.0
0.0
0.0
0.0
0.0
0.0
0.0
0.0
0.0
0.0012401395631067961
4.42455501618123e-06
3.16039644012945e-06
4.42455501618123e-06
3.7924757281553396e-06
2.844356796116505e-06
5.05663430420712e-06
3.16039644012945e-06
3.16039644012945e-06
2.52831715210356e-06
3.7924757281553396e-06
2.212277508090615e-06
4.740594660194174e-06
2.844356796116505e-06
4.42455501618123e-06
3.7924757281553396e-06
0.0
0.0
0.0
0.0
0.0
0.0
0.0
0.0
0.0
0.0
0.0
0.0
0.0
0.0
0.0
0.0
0.0
0.0
0.0
0.0
0.0
0.0
0.0
0.0
0.0
0.0
0.0
0.0
0.0
0.0
0.0
0.0
0.0
0.0
0.0
0.0
0.0
0.0
0.0
0.0
0.0
0.0
0.0
0.0
0.0
0.0
0.0
0.0
0.0005255739279935275
5.3726739482200644e-06
4.740594660194174e-06
3.16039644012945e-06
3.16039644012945e-06
5.3726739482200644e-06
5.05663430420712e-06
5.05663430420712e-06
9.165149676375404e-06
4.740594660194174e-06
4.740594660194174e-06
5.246258090614887e-05
5.3726739482200644e-06
4.108515372168285e-06
6.3207928802589e-06
2.844356796116505e-06
0.016019417475728156
0.00038651648462783173
0.0003356341019417476
0.0003015018203883495
0.00030371409789644015
0.0003027659789644013
0.00029960558252427186
0.00029612914644012946
0.0002954970671521036
0.0002973933050161812
0.0003106669700647249
0.0003015018203883495
0.0003141434061488673
0.0003131952872168285
0.0003015018203883495
0.0009800389360841424
0.003015966322815534
0.00012641585760517798
0.00019215210355987054
5.720317556634304e-05
5.151446197411003e-05
5.68871359223301e-05
6.542020631067961e-05
7.332119741100323e-05
4.740594660194175e-05
5.025030339805825e-05
4.740594660194175e-05
4.2033272653721685e-05
4.8670105177993525e-05
4.993426375404531e-05
4.645782766990291e-05
0.0005597062095469256
0.0027378514360841422
0.0002825394417475728
0.00013115645226537216
5.2778620550161816e-05
0.00010271288430420712
7.016080097087378e-05
0.0002442986448220065
0.00013684516585760518
5.246258090614887e-05
5.025030339805825e-05
5.720317556634304e-05
4.9302184466019415e-05
4.582574838187702e-05
5.4358818770226535e-05
5.720317556634304e-05
0.00040579490291262136
0.13009297886326862
0.00919485740291262
0.01845829540857605
0.022760859122168284
0.0490796925566343
0.029937803398058252
0.06320002781148867
0.047185983009708735
0.006538228155339806
0.006408651901294499
0.006446576658576052
0.006474388147249191
0.006463642799352751
0.0064105481391585764
0.0064453125
0.015970115291262136
0.033776736953883495
0.0019679788632686085
0.001958181634304207
0.002446462884304207
0.0020014790655339806
0.0017600247775080907
0.0026108034991909387
0.0021177816545307443
0.0015975804004854368
0.0014427209749190938
0.0015485942556634305
0.001488230683656958
0.0015021364279935276
0.0014319756270226537
0.0014980279126213592
0.011401446197411003
0.011441583232200648
0.0017476992313915857
0.000987939927184466
0.004623976031553398
0.0013640271035598706
0.0010871763754045308
0.0015233110841423947
0.0011962100525889968
0.0015625
0.0005581260113268608
0.0011674504449838187
0.0008198068365695793
0.0015438536610032363
0.0008084294093851133
0.0008981846682847896
0.0010321854773462783
0.015047911610032362
0.0028513096682847897
0.0013068239279935274
0.0015874671318770227
0.003095924352750809
0.0025257888349514562
0.0015741934668284789
0.0017928929004854368
0.00776635821197411
0.0008823826860841424
0.0008315003033980583
0.0009664492313915858
0.0031910522855987055
0.001091284890776699
0.0019619741100323626
0.004659372471682848
0.012160573422330097
0.0022874949433656956
0.00226758444579288
0.0017530719053398059
0.0042036433050161815
0.0029770934466019417
0.0022315559263754044
0.002049517091423948
0.007224034182847896
0.0007054004854368932
0.0009389537823624595
0.0012540453074433658
0.004062373584142395
0.0012451961974110032
0.0029483338389967636
0.0047655617920711974
0.020252768507281554
0.006521794093851133
0.005988319174757281
0.0052664846278317155
0.006739545408576052
0.006246207524271845
0.003762768001618123
0.005542071197411003
0.013279037722491909
0.001980304409385113
0.002877540958737864
0.0030226031553398057
0.0082201911407767
0.0033522325040453074
0.005983578580097087
0.00970241707119741
0.019646604470064725
0.013500897552588997
0.012656439623786408
0.012858072916666666
0.013520175970873786
0.013824838187702266
0.012879247572815535
0.013587176375404532
0.016325659890776698
0.011683985639158576
0.01220387085355987
0.012580590109223301
0.014095368122977346
0.012222833232200647
0.013448118932038835
0.015678094660194174
