0.17605684989920917
0.01635306830516359
0.005848472146844472
0.007573848658706776
0.00590934641029617
0.005042266727399597
0.0033617130562877966
0.002956187490308575
0.008832522484106063
0.0027205647193363314
0.0040201242440688475
0.0032472330981547525
0.002714507578694371
0.0034970901496356025
0.0021160620832687237
0.01559168572646922
0.006827306074585207
0.0022562848891300976
0.0015127708753295084
0.0015763708520700884
0.0025957876221119553
0.0034086558962629866
0.0015942394169638704
0.0016448165413242364
0.004612815455884633
0.001872262172429834
0.0015963594161885564
0.0011893195650488448
0.0017486965033338502
0.0014058623429989146
0.0008622339703830051
0.002086684951155218
0.0200158212513568
0.0021614906380834236
0.0015139823034579004
0.0022323591835943556
0.017510587881842146
0.0016705593890525663
0.0011472224375872228
0.0011547938633896728
0.005243969510776865
0.0022141877616684755
0.0011242053031477748
0.0033723130524112264
0.0032581359513102807
0.0044053583888975035
0.00212423922313537
0.001033045336486277
0.0066925346953015975
0.002015513548612188
0.0023698562761668477
0.0076731857652349205
0.0022538620328733136
0.0013346909404558845
0.0013634623585051947
0.001013662486432005
0.004042838521476198
0.001902547875639634
0.000977925356644441
0.0032711588036904945
0.0012686681074585207
0.0016320965459761204
0.0009318910877655451
0.0014712794619320825
0.010791098910683828
0.015336982962474802
0.0025173476507985735
0.0036597243758722284
0.012186966971623508
0.007218900217087921
0.0017717136377732982
0.0016433022561637464
0.051993283842456196
0.008264059834858117
0.0013477137928360986
0.0017859479182819043
0.011285058730035664
0.003881718580400062
0.0015209480151961545
0.0014867251705690805
0.004139752771747557
0.0008604168281904171
0.0014040452008063265
0.0025706504884478215
0.0030391703171034267
0.0023077705845867577
0.0017535422158474181
0.0024131648317568615
0.0022720334547991937
0.0008467882617460071
0.0005654340789269654
0.0018465193247015042
0.004127032776399441
0.0017438507908202822
0.0016602622499612342
0.005092238137695767
0.002693307586447511
0.003800855752829896
0.0014446280431074585
0.0041109813536982474
0.0035497872732206544
0.005857557857807412
0.004783021107923709
0.002064576387812064
0.0026515133160179873
0.004316318421460691
0.0005981426383935494
0.0011644852884168087
0.003919575709412312
0.0018649936036594821
0.004173672759342534
0.004462295510931928
0.004176701329663514
0.0006796111800279113
0.004364775546596372
0.004529832629089781
0.011701790006202513
0.005677357923709102
0.0014140394828655607
0.0011817481392463948
0.002817478969607691
0.0015397251511862305
0.0006208569158008993
0.0008504225461311831
0.0020921363777329817
0.000997611063730811
0.001097553884323151
0.0013053138083423787
0.0031636445572957046
0.001968570708636998
0.0009237139478988991
0.009314670879206078
0.003916547139091332
0.007990277077841525
0.0007853082842301132
0.001071811036594821
0.002736918999069623
0.012982572394944953
0.000993068208249341
0.03583162118157854
0.0012044624166537448
0.01197466419212281
0.0007180740231043573
0.0007913654248720732
0.002105462087145294
0.0005275769499147154
0.0005636169367343774
0.0007347311598697473
0.0011638795743526128
0.0006893026050550473
0.0005036512443789735
0.0005672512211195534
0.0013843594937199566
0.0005857255000775314
0.00048275410916421153
0.0005042569584431695
0.000894942529849589
0.0005069826717320515
0.0005127369553419135
0.0005360569468134595
0.001937073577298806
0.0007995425647387192
0.0007931825670646612
0.0007998454217708171
0.0009009996704915491
0.0007259483059389053
0.0007474511552178632
0.0007586568654054893
0.0017829193479609242
0.0008037825631880912
0.0007934854240967591
0.0008392168359435572
0.000964296790200031
0.0007519940106993332
0.0007683482904326252
0.0012014338463327647
0.0016481479686773143
0.0005284855210110095
0.0004942626763839355
0.0005175826678554815
0.0007304911614203752
0.0004879026787098775
0.003169398840905567
0.0008180168436966971
0.004316924135524888
0.0015503251473096603
0.00198795355869127
0.0007435140138005893
0.0008137768452473251
0.0005899654985269034
0.0006662854706155993
0.0006787026089316173
0.009796819274306093
0.006980551732826795
0.0024031705496976277
0.005194603814544891
0.003936232846177702
0.0013452909365793146
0.001902547875639634
0.004328432702744612
0.004123095634982168
0.0025867019111490155
0.0015276108699023103
0.0026618104551093193
0.01559168572646922
0.0013028909520855947
0.0018498507520545821
0.002063970673747868
0.003211495968367189
0.0016190736935959064
0.001892250736548302
0.0014176737672507366
0.000977319642580245
0.0008328568382694992
0.0011054281671576988
0.0010966453132268568
0.002149679213831602
0.0013861766359125447
0.000922199662738409
0.0011893195650488448
0.000974291072259265
0.0005639197937664755
0.0006114683478058614
0.0008204396999534812
0.004284518433090401
0.0011984052760117849
0.0008794968212125911
0.0008349768374941852
0.000996702492634517
0.0005457483718405954
0.0006723426112575594
0.0006378169095983873
0.013657035005427198
0.002918027504264227
0.0010878624592960148
0.0031051931501007908
0.0019228392967902
0.000899485385331059
0.0006208569158008993
0.001007908202822143
0.002706633295859823
0.001000942491083889
0.0012532223988215227
0.0013150052333695146
0.000953999651108699
0.0008034797061559932
0.0021127306559156457
0.0016015079857342224
0.0032502616684757326
0.0021209077957822916
0.0017181079430919522
0.0011823538533105907
0.0013931423476507985
0.0014073766281594046
0.0025845819119243293
0.024354248236160645
0.0
0.0
0.0
0.0
0.0
0.0
0.0
0.0
0.0
0.0
0.0
0.0
0.0
0.0
0.0
0.0
0.0017725382019857276
4.544969748681353e-06
1.2271418321439652e-05
9.847434455476265e-06
1.045343042196711e-05
2.8784808408315234e-06
4.241971765435929e-06
6.059959664908471e-06
4.999466723549488e-06
3.635975798945082e-06
4.393470757058641e-06
5.1509657151722e-06
5.453963698417624e-06
6.968953614644741e-06
3.3329778156996587e-06
4.847967731926776e-06
0.0005828166207725721
7.574949581135588e-07
8.938440505739993e-06
7.877947564381012e-06
8.180945547626434e-06
1.0604929413589823e-06
6.05995966490847e-07
1.5149899162271175e-07
9.089939497362705e-07
3.029979832454235e-07
9.089939497362705e-07
6.05995966490847e-07
1.5149899162271176e-06
9.089939497362705e-07
9.089939497362705e-07
4.090472773813217e-06
0.00244867820159789
5.5448630933912505e-05
4.438920454545455e-05
1.893737395283897e-05
9.438387178094943e-05
1.54528971455166e-05
1.8634375969593547e-05
1.530139815389389e-05
1.28774142879305e-05
2.8784808408315234e-06
9.241438488985417e-06
1.1059426388457958e-05
1.999786689419795e-05
6.2114586565311825e-06
3.635975798945082e-06
1.530139815389389e-05
0.0028269711836798016
8.529393228358673e-05
9.468686976419485e-05
2.7875814458578965e-05
0.0001236231771641328
1.711938605336643e-05
4.8782675302513183e-05
3.9238238830282346e-05
2.6512323533974557e-05
1.80283800031027e-05
1.4998400170648464e-05
1.1665422354948806e-05
8.786941514117282e-06
1.530139815389389e-05
1.560439613713931e-05
3.848074387216879e-05
0.009905913066242632
0.0001325616176698728
0.0006223578575860999
7.196202102078808e-05
0.0002946655387061744
0.00010165582337883958
0.0003207233652652808
0.0002611842615575551
0.00016407340792739684
9.680785564691282e-05
7.150752404591994e-05
0.00013362211061123178
8.453643732547316e-05
6.044809765746199e-05
3.1360291265901336e-05
0.00036768805266832144
0.017129839483788396
0.0003281468158547937
0.0013819738015823767
0.0002846666052590754
0.001129576481538939
0.0003296618057710208
0.0007217411960905989
0.0004896447409246045
0.00019407020826869376
0.0002355809319733168
0.0002305814652497673
0.00016316441397766057
0.00021452257213775986
0.00018528326675457647
0.00023255095214086256
0.0003295103067793981
0.018344255400636052
0.0005381244182438722
0.002316722579894508
0.0013306156434222773
0.0025635144372479057
0.0008403649065311822
0.003200416198029786
0.001971304878994725
0.0002442163744958114
0.0002086141114644741
0.00018210178793049954
0.00017058786456717345
0.00020906860843934223
0.00018588926272106732
0.00023042996625814458
0.00035238665451442757
0.013395540839280174
0.000594482043127521
0.00290847764117282
0.0025835123041421035
0.003130423663900093
0.00207826316708036
0.006401741390009308
0.003326160361076637
0.00030072549837108285
0.00016846687868445547
0.00017952630507291344
0.00016301291498603784
0.00012392617514737821
0.00015649845834626126
0.00018316228087185852
0.0006076624553986969
0.018227752676078186
0.000898237521331058
0.01223657355336643
0.005076731209277071
0.0051956579177009
0.00472858652652808
0.015405174963155445
0.008317749137061743
0.0002745161728203537
0.00021209858827179646
0.0002625477524821595
0.00017422384036611853
0.00017104236154204158
0.0001840712748215948
0.0003751115032578343
0.0011733596901179026
0.02004740706445858
0.002954987831600993
0.005654093866351226
0.0032964665587185854
0.0027962168883803908
0.0029183250756282964
0.0065971750892026065
0.003908825482857586
0.0004928262197486813
0.0004444980414210363
0.0003761719961991933
0.0003378427513186472
0.0005249440059726962
0.0005406999011014583
0.0008135495850139622
0.00197266836991933
0.015065362724945703
0.0026715332182748993
0.0039703340734564075
0.002007664636984176
0.0036462777303754267
0.0013630364276295377
0.001723907025674837
0.0014353014466335712
0.001949489024201055
0.0010457975391715793
0.0052592874941824385
0.0008902080747750543
0.0022593044620695005
0.0013027398289636985
0.001413788589823146
0.0014672677338659634
0.01960942347967732
0.0034450870695004656
0.004998103232624884
0.0028793898347812597
0.013105117272339435
0.0018596501221687868
0.0016558839784362395
0.0017631452645051194
0.008534998691048712
0.0010865507679180886
0.0010626139272417003
0.0018095039559416692
0.007295585440583307
0.002354748826791809
0.002712437946013031
0.002464434096726652
0.10539512149007137
0.0196453287406919
0.029060233575085324
0.017143171395051195
0.08960680557710207
0.01724300923053056
0.010992615333152343
0.01805125635083773
0.07134663211681663
0.005738478804685076
0.004682530833074775
0.011918577169950357
0.04726662489334471
0.011666482847890165
0.02311692813372634
0.031243485543360223
0.017623726196478437
0.003910340472773813
0.005360034323611542
0.003739601109215017
0.013507498594089357
0.0036070394915451442
0.002738495772572138
0.0038998870423518463
0.011356667410021719
0.0015558946439652498
0.001426514505119454
0.0024888254343779087
0.007972634434145207
0.0025979047083462613
0.004632384666847658
0.006973801582376668
0.0034340276431120073
0.0015313518073223704
0.0015310488093391251
0.0017411779107198262
0.001530594312364257
0.0015339272901799565
0.0016333106286844554
0.0015677115653118213
0.0014993855200899782
0.0014418159032733478
0.001470146214706795
0.0014639347560502637
0.0014587837903350916
0.0015065059726962458
0.0015122629343779087
0.0027580391424914677
