0.006429476351351352
0.0038477042383292383
0.003908169533169533
0.003923525798525798
0.0038381065724815725
0.0038169917076167075
0.003797796375921376
0.003928324631449632
0.003968634828009828
0.003938882063882064
0.0038400261056511058
0.0040550138206388205
0.0038544226044226046
0.0038889742014742014
0.003940801597051597
0.004008945024570025
0.0038803363022113023
0.003837146805896806
0.0038966523341523343
0.003941761363636363
0.0037574861793611795
0.0038544226044226046
0.003959996928746929
0.0038985718673218675
0.0039350429975429976
0.0038860949017199015
0.0038217905405405405
0.0038851351351351354
0.003859221437346437
0.003862100737100737
0.003988789926289926
0.0037997159090909093
0.003994548525798526
0.003909129299754299
0.003983991093366094
0.0038822558353808355
0.00406077242014742
0.003915847665847666
0.003878416769041769
0.003924485565110565
0.003933123464373464
0.0038409858722358724
0.003843865171990172
0.003848664004914005
0.003948479729729729
0.004030059889434889
0.0039100890663390665
0.003927364864864865
0.0039590371621621625
0.003828508906633907
0.003837146805896806
0.0039033707002457
0.0039024109336609335
0.0038889742014742014
0.003839066339066339
0.003964795761670761
0.003978232493857494
0.003936962530712531
0.003834267506142506
0.003864980036855037
0.003876497235872236
0.003954238329238329
0.0039503992628992625
0.003845784705159705
0.003952318796068796
0.0038448249385749384
0.0038688191031941033
0.003907209766584766
0.003923525798525798
0.0037776412776412776
0.003841945638820639
0.003853462837837838
0.003845784705159705
0.003919686732186733
0.0038956925675675677
0.0038908937346437346
0.003932163697788698
0.0038467444717444716
0.003876497235872236
0.003989749692874693
0.003864980036855037
0.00390625
0.003878416769041769
0.0038745777027027026
0.0038544226044226046
0.003963835995085995
0.004033898955773956
0.003864980036855037
0.003991669226044226
0.0038496237714987715
0.003957117628992629
0.003913928132678133
0.00397919226044226
0.004013743857493857
0.003953278562653563
0.003932163697788698
0.0038678593366093367
0.004001266891891892
0.0037661240786240786
0.003915847665847666
0.0038745777027027026
0.0038496237714987715
0.003931203931203931
0.00402718058968059
0.0038515433046683047
0.0040550138206388205
0.00390625
0.003929284398034398
0.0039590371621621625
0.003857301904176904
0.003784359643734644
0.004057893120393121
0.0038544226044226046
0.003857301904176904
0.003850583538083538
0.004091484950859951
0.003955198095823096
0.003887054668304668
0.0039120085995086
0.003986870393120393
0.003909129299754299
0.0038851351351351354
0.003940801597051597
0.0038198710073710073
0.0039004914004914003
0.003959996928746929
0.0038275491400491402
0.0038908937346437346
0.0039100890663390665
0.003876497235872236
0.003953278562653563
0.0039120085995086
0.003845784705159705
0.0039120085995086
0.0037910780098280097
0.0039264050982800985
0.003732532248157248
0.003996468058968059
0.003790118243243243
0.004053094287469287
0.003933123464373464
0.003980152027027027
0.0038803363022113023
0.003927364864864865
0.0038640202702702703
0.003911048832923833
0.003907209766584766
0.003878416769041769
0.0038822558353808355
0.003897612100737101
0.003778601044226044
0.0038995316339066337
0.00386977886977887
0.003829468673218673
0.003965755528255528
0.0039187269656019656
0.0039264050982800985
0.0039004914004914003
0.0038688191031941033
0.0038496237714987715
0.0038688191031941033
0.004051174754299754
0.0038774570024570024
0.0038803363022113023
0.0038889742014742014
0.003936962530712531
0.0037776412776412776
0.0037594057125307123
0.00393984183046683
0.0037574861793611795
0.0038822558353808355
0.003857301904176904
0.0038659398034398035
0.0037824401105651106
0.004016623157248158
0.003972473894348894
0.003856342137592138
0.003988789926289926
0.00386977886977887
0.0037334920147420146
0.003929284398034398
0.00378819871007371
0.003925445331695331
0.003786279176904177
0.003911048832923833
0.003859221437346437
0.0038995316339066337
0.003914887899262899
0.003768043611793612
0.003928324631449632
0.003901451167076167
0.004025261056511057
0.003944640663390664
0.003981111793611793
0.0038448249385749384
0.003897612100737101
0.003797796375921376
0.0038313882063882062
0.003961916461916462
0.003816031941031941
0.003911048832923833
0.003850583538083538
0.003915847665847666
0.0039187269656019656
0.0038582616707616706
0.003811233108108108
0.003940801597051597
0.003949439496314496
0.003856342137592138
0.0038956925675675677
0.003954238329238329
0.0038966523341523343
0.0039004914004914003
0.0038525030712530713
0.00395135902948403
0.0039264050982800985
0.003947519963144963
0.003887054668304668
0.0038544226044226046
0.0038467444717444716
0.0038841753685503687
0.0038265893734643736
0.0037747619778869777
0.0038515433046683047
0.003881296068796069
0.00386689957002457
0.0037526873464373465
0.003848664004914005
0.003794917076167076
0.0038496237714987715
0.003887054668304668
0.0038908937346437346
0.0038707386363636366
0.003857301904176904
0.0038851351351351354
0.0040223817567567564
0.003998387592137592
0.003924485565110565
0.0038131526412776414
0.003797796375921376
0.0038851351351351354
0.003923525798525798
0.003778601044226044
0.003908169533169533
0.003909129299754299
0.003820830773955774
0.0038841753685503687
0.0039503992628992625
0.003922566031941032
0.0039120085995086
0.004031019656019656
0.003931203931203931
0.0038851351351351354
0.0038841753685503687
0.00390625
0.004010864557739558
0.0
0.0
0.0
0.0
0.0
0.0
0.0
0.0
0.0
0.0
0.0
0.0
0.0
0.0
0.0
0.0
0.0
0.0
0.0
0.0
0.0
0.0
0.0
0.0
0.0
0.0
0.0
0.0
0.0
0.0
0.0
0.0
0.0
0.0
0.0
0.0
0.0
0.0
0.0
0.0
0.0
0.0
0.0
0.0
0.0
0.0
0.0
0.0
0.0
0.0
0.0
0.0
0.0
0.0
0.0
0.0
0.0
0.0
0.0
0.0
0.0
0.0
0.0
0.0
0.0
0.0
0.0
0.0
0.0
0.0
0.0
0.0
0.0
0.0
0.0
0.0
0.0
0.0
0.0
0.0
0.0
0.0
0.0
0.0
0.0
0.0
0.0
0.0
0.0
0.0
0.0
0.0
0.0
0.0
0.0
0.0
0.0
0.0
0.0
0.0
0.0
0.0
0.0
0.0
0.0
0.0
0.0
0.0
0.0
0.0
0.0
0.0
0.0
0.0
0.0
0.0
0.0
0.0
0.0
0.0
0.0
0.0
0.0
0.0
0.0
0.0
0.0
0.0
0.0011697603961614174
9.61183562992126e-06
0.00013744924950787402
7.737527682086614e-05
4.469503567913386e-05
2.9796690452755907e-05
0.00022828109621062992
0.00014609990157480316
3.844734251968504e-05
7.689468503937008e-06
9.61183562992126e-06
7.208876722440945e-06
1.922367125984252e-05
3.844734251968504e-06
1.441775344488189e-05
2.4990772637795275e-05
0.0
0.0
0.0
0.0
0.0
0.0
0.0
0.0
0.0
0.0
0.0
0.0
0.0
0.0
0.0
0.0
0.0
0.0
0.0
0.0
0.0
0.0
0.0
0.0
0.0
0.0
0.0
0.0
0.0
0.0
0.0
0.0
0.0
0.0
0.0
0.0
0.0
0.0
0.0
0.0
0.0
0.0
0.0
0.0
0.0
0.0
0.0
0.0
0.0003763033649114173
2.258781373031496e-05
9.419598917322834e-05
2.5471364419291337e-05
5.9593380905511814e-05
3.316083292322835e-05
3.412201648622047e-05
3.7486158956692915e-05
0.00010380782480314961
9.61183562992126e-06
1.0092427411417324e-05
1.922367125984252e-05
6.536048228346457e-05
1.2014794537401575e-05
3.556379183070866e-05
4.5656219242125984e-05
0.00026096133735236223
2.0184854822834647e-05
0.00011534202755905512
2.8354915108267717e-05
7.881705216535433e-05
2.5951956200787403e-05
5.478746309055118e-05
4.181148499015748e-05
0.00013600747416338583
8.170060285433072e-06
8.650652066929134e-06
2.258781373031496e-05
8.554533710629921e-05
1.5859528789370078e-05
4.133089320866142e-05
3.9889117864173225e-05
0.00020569328248031495
2.5951956200787403e-05
8.939007135826772e-05
4.0369709645669294e-05
7.545290969488189e-05
3.89279343011811e-05
5.286509596456693e-05
5.334568774606299e-05
0.00010573019192913386
3.219964936023622e-05
3.2680241141732286e-05
3.700556717519685e-05
6.63216658464567e-05
3.556379183070866e-05
4.325326033464567e-05
4.950095349409449e-05
0.06223855807086614
0.062055933193897635
0.062383216197096455
0.06221693144069882
0.061969907265009845
0.06277297613188976
0.06220780019685039
0.062243363988681105
0.06211264302411417
0.06216406634473425
0.06212802196112205
0.062068428580216536
0.06206602562130906
0.06211600716658464
0.06188003660187008
0.06245482437253937
